Optimal solution = 1025
whole score log: [765.0, 774.0, 841.0, 841.0, 841.0, 841.0, 841.0, 841.0, 910.0, 913.0, 913.0, 948.0, 987.0, 987.0, 987.0, 987.0, 987.0, 987.0, 987.0, 987.0, 1014.0, 1014.0, 1014.0, 1014.0, 1014.0, 1014.0, 1014.0, 1014.0, 1014.0, 1014.0, 1025.0, 1025.0, 1025.0, 1025.0, 1025.0, 1025.0, 1025.0, 1025.0, 1025.0, 1025.0, 1025.0, 1025.0, 1025.0, 1025.0, 1025.0, 1025.0, 1025.0, 1025.0, 1025.0, 1025.0, 1025.0, 1025.0, 1025.0, 1025.0, 1025.0, 1025.0, 1025.0, 1025.0, 1025.0, 1025.0, 1025.0, 1025.0, 1025.0, 1025.0, 1025.0, 1025.0, 1025.0, 1025.0, 1025.0, 1025.0, 1025.0, 1025.0, 1025.0, 1025.0, 1025.0, 1025.0, 1025.0, 1025.0, 1025.0, 1025.0, 1025.0, 1025.0, 1025.0, 1025.0, 1025.0, 1025.0, 1025.0, 1025.0, 1025.0, 1025.0, 1025.0, 1025.0, 1025.0, 1025.0, 1025.0, 1025.0, 1025.0, 1025.0, 1025.0, 1025.0, 1025.0]
Population Size: 50, Crossover %: 0.5, Mutation %: 0.01, Number of Elites: 3
whole score log: [811.0, 811.0, 840.0, 866.0, 941.0, 941.0, 956.0, 956.0, 1025.0, 1025.0, 1025.0, 1025.0, 1025.0, 1025.0, 1025.0, 1025.0, 1025.0, 1025.0, 1025.0, 1025.0, 1025.0, 1025.0, 1025.0, 1025.0, 1025.0, 1025.0, 1025.0, 1025.0, 1025.0, 1025.0, 1025.0, 1025.0, 1025.0, 1025.0, 1025.0, 1025.0, 1025.0, 1025.0, 1025.0, 1025.0, 1025.0, 1025.0, 1025.0, 1025.0, 1025.0, 1025.0, 1025.0, 1025.0, 1025.0, 1025.0, 1025.0, 1025.0, 1025.0, 1025.0, 1025.0, 1025.0, 1025.0, 1025.0, 1025.0, 1025.0, 1025.0, 1025.0, 1025.0, 1025.0, 1025.0, 1025.0, 1025.0, 1025.0, 1025.0, 1025.0, 1025.0, 1025.0, 1025.0, 1025.0, 1025.0, 1025.0, 1025.0, 1025.0, 1025.0, 1025.0, 1025.0, 1025.0, 1025.0, 1025.0, 1025.0, 1025.0, 1025.0, 1025.0, 1025.0, 1025.0, 1025.0, 1025.0, 1025.0, 1025.0, 1025.0, 1025.0, 1025.0, 1025.0, 1025.0, 1025.0, 1025.0]
Population Size: 50, Crossover %: 0.5, Mutation %: 0.1, Number of Elites: 3
whole score log: [922.0, 922.0, 922.0, 930.0, 930.0, 948.0, 974.0, 985.0, 986.0, 986.0, 1014.0, 1014.0, 1014.0, 1014.0, 1014.0, 1014.0, 1014.0, 1014.0, 1014.0, 1014.0, 1019.0, 1019.0, 1019.0, 1019.0, 1019.0, 1019.0, 1019.0, 1019.0, 1019.0, 1019.0, 1019.0, 1019.0, 1019.0, 1019.0, 1019.0, 1019.0, 1019.0, 1019.0, 1019.0, 1019.0, 1019.0, 1019.0, 1019.0, 1019.0, 1019.0, 1019.0, 1019.0, 1019.0, 1019.0, 1019.0, 1019.0, 1019.0, 1019.0, 1019.0, 1019.0, 1019.0, 1019.0, 1019.0, 1019.0, 1019.0, 1019.0, 1019.0, 1019.0, 1019.0, 1019.0, 1019.0, 1019.0, 1019.0, 1019.0, 1019.0, 1019.0, 1019.0, 1019.0, 1019.0, 1019.0, 1019.0, 1019.0, 1019.0, 1019.0, 1019.0, 1019.0, 1019.0, 1019.0, 1019.0, 1019.0, 1019.0, 1019.0, 1019.0, 1019.0, 1019.0, 1019.0, 1019.0, 1019.0, 1019.0, 1019.0, 1019.0, 1019.0, 1019.0, 1019.0, 1019.0, 1019.0]
Population Size: 50, Crossover %: 0.9, Mutation %: 0.01, Number of Elites: 3
whole score log: [838.0, 838.0, 838.0, 838.0, 838.0, 838.0, 889.0, 889.0, 889.0, 889.0, 895.0, 895.0, 895.0, 895.0, 895.0, 904.0, 904.0, 904.0, 944.0, 944.0, 944.0, 944.0, 970.0, 970.0, 970.0, 970.0, 970.0, 970.0, 970.0, 970.0, 970.0, 970.0, 970.0, 970.0, 970.0, 970.0, 970.0, 970.0, 970.0, 970.0, 970.0, 970.0, 970.0, 970.0, 970.0, 970.0, 970.0, 970.0, 970.0, 970.0, 970.0, 970.0, 970.0, 970.0, 970.0, 970.0, 970.0, 970.0, 970.0, 970.0, 973.0, 973.0, 973.0, 973.0, 973.0, 973.0, 973.0, 973.0, 973.0, 973.0, 973.0, 973.0, 973.0, 973.0, 973.0, 973.0, 973.0, 973.0, 973.0, 1025.0, 1025.0, 1025.0, 1025.0, 1025.0, 1025.0, 1025.0, 1025.0, 1025.0, 1025.0, 1025.0, 1025.0, 1025.0, 1025.0, 1025.0, 1025.0, 1025.0, 1025.0, 1025.0, 1025.0, 1025.0, 1025.0]
Population Size: 50, Crossover %: 0.9, Mutation %: 0.1, Number of Elites: 3
whole score log: [841.0, 885.0, 885.0, 900.0, 941.0, 941.0, 941.0, 970.0, 970.0, 970.0, 1010.0, 1010.0, 1010.0, 1010.0, 1010.0, 1010.0, 1010.0, 1010.0, 1014.0, 1014.0, 1014.0, 1014.0, 1025.0, 1025.0, 1025.0, 1025.0, 1025.0, 1025.0, 1025.0, 1025.0, 1025.0, 1025.0, 1025.0, 1025.0, 1025.0, 1025.0, 1025.0, 1025.0, 1025.0, 1025.0, 1025.0, 1025.0, 1025.0, 1025.0, 1025.0, 1025.0, 1025.0, 1025.0, 1025.0, 1025.0, 1025.0, 1025.0, 1025.0, 1025.0, 1025.0, 1025.0, 1025.0, 1025.0, 1025.0, 1025.0, 1025.0, 1025.0, 1025.0, 1025.0, 1025.0, 1025.0, 1025.0, 1025.0, 1025.0, 1025.0, 1025.0, 1025.0, 1025.0, 1025.0, 1025.0, 1025.0, 1025.0, 1025.0, 1025.0, 1025.0, 1025.0, 1025.0, 1025.0, 1025.0, 1025.0, 1025.0, 1025.0, 1025.0, 1025.0, 1025.0, 1025.0, 1025.0, 1025.0, 1025.0, 1025.0, 1025.0, 1025.0, 1025.0, 1025.0, 1025.0, 1025.0]
Population Size: 500, Crossover %: 0.5, Mutation %: 0.01, Number of Elites: 3
whole score log: [804.0, 804.0, 915.0, 915.0, 965.0, 965.0, 965.0, 965.0, 973.0, 973.0, 987.0, 987.0, 997.0, 997.0, 997.0, 997.0, 997.0, 997.0, 997.0, 997.0, 997.0, 997.0, 997.0, 997.0, 997.0, 997.0, 997.0, 997.0, 997.0, 999.0, 999.0, 1025.0, 1025.0, 1025.0, 1025.0, 1025.0, 1025.0, 1025.0, 1025.0, 1025.0, 1025.0, 1025.0, 1025.0, 1025.0, 1025.0, 1025.0, 1025.0, 1025.0, 1025.0, 1025.0, 1025.0, 1025.0, 1025.0, 1025.0, 1025.0, 1025.0, 1025.0, 1025.0, 1025.0, 1025.0, 1025.0, 1025.0, 1025.0, 1025.0, 1025.0, 1025.0, 1025.0, 1025.0, 1025.0, 1025.0, 1025.0, 1025.0, 1025.0, 1025.0, 1025.0, 1025.0, 1025.0, 1025.0, 1025.0, 1025.0, 1025.0, 1025.0, 1025.0, 1025.0, 1025.0, 1025.0, 1025.0, 1025.0, 1025.0, 1025.0, 1025.0, 1025.0, 1025.0, 1025.0, 1025.0, 1025.0, 1025.0, 1025.0, 1025.0, 1025.0, 1025.0]
Population Size: 500, Crossover %: 0.5, Mutation %: 0.1, Number of Elites: 3
whole score log: [863.0, 945.0, 945.0, 945.0, 945.0, 945.0, 945.0, 945.0, 966.0, 985.0, 985.0, 988.0, 988.0, 988.0, 996.0, 996.0, 996.0, 1010.0, 1025.0, 1025.0, 1025.0, 1025.0, 1025.0, 1025.0, 1025.0, 1025.0, 1025.0, 1025.0, 1025.0, 1025.0, 1025.0, 1025.0, 1025.0, 1025.0, 1025.0, 1025.0, 1025.0, 1025.0, 1025.0, 1025.0, 1025.0, 1025.0, 1025.0, 1025.0, 1025.0, 1025.0, 1025.0, 1025.0, 1025.0, 1025.0, 1025.0, 1025.0, 1025.0, 1025.0, 1025.0, 1025.0, 1025.0, 1025.0, 1025.0, 1025.0, 1025.0, 1025.0, 1025.0, 1025.0, 1025.0, 1025.0, 1025.0, 1025.0, 1025.0, 1025.0, 1025.0, 1025.0, 1025.0, 1025.0, 1025.0, 1025.0, 1025.0, 1025.0, 1025.0, 1025.0, 1025.0, 1025.0, 1025.0, 1025.0, 1025.0, 1025.0, 1025.0, 1025.0, 1025.0, 1025.0, 1025.0, 1025.0, 1025.0, 1025.0, 1025.0, 1025.0, 1025.0, 1025.0, 1025.0, 1025.0, 1025.0]
Population Size: 500, Crossover %: 0.9, Mutation %: 0.01, Number of Elites: 3
whole score log: [815.0, 895.0, 939.0, 939.0, 939.0, 939.0, 939.0, 939.0, 939.0, 939.0, 979.0, 979.0, 982.0, 982.0, 982.0, 982.0, 982.0, 982.0, 982.0, 982.0, 982.0, 982.0, 982.0, 982.0, 982.0, 982.0, 982.0, 982.0, 982.0, 982.0, 982.0, 1019.0, 1019.0, 1019.0, 1019.0, 1019.0, 1019.0, 1019.0, 1019.0, 1019.0, 1019.0, 1019.0, 1019.0, 1019.0, 1019.0, 1019.0, 1019.0, 1019.0, 1019.0, 1019.0, 1019.0, 1019.0, 1019.0, 1019.0, 1019.0, 1019.0, 1019.0, 1019.0, 1019.0, 1019.0, 1019.0, 1019.0, 1019.0, 1019.0, 1019.0, 1019.0, 1019.0, 1019.0, 1025.0, 1025.0, 1025.0, 1025.0, 1025.0, 1025.0, 1025.0, 1025.0, 1025.0, 1025.0, 1025.0, 1025.0, 1025.0, 1025.0, 1025.0, 1025.0, 1025.0, 1025.0, 1025.0, 1025.0, 1025.0, 1025.0, 1025.0, 1025.0, 1025.0, 1025.0, 1025.0, 1025.0, 1025.0, 1025.0, 1025.0, 1025.0, 1025.0]
Population Size: 500, Crossover %: 0.9, Mutation %: 0.1, Number of Elites: 3
