Optimal solution = 295
whole score log: [208.0, 208.0, 208.0, 237.0, 237.0, 237.0, 274.0, 274.0, 274.0, 274.0, 274.0, 274.0, 274.0, 274.0, 274.0, 274.0, 274.0, 274.0, 274.0, 274.0, 274.0, 274.0, 274.0, 274.0, 274.0, 274.0, 274.0, 274.0, 274.0, 274.0, 274.0, 274.0, 274.0, 288.0, 288.0, 288.0, 288.0, 288.0, 288.0, 288.0, 288.0, 288.0, 288.0, 288.0, 288.0, 288.0, 288.0, 288.0, 288.0, 288.0, 288.0, 288.0, 288.0, 288.0, 288.0, 288.0, 288.0, 288.0, 288.0, 288.0, 288.0, 288.0, 288.0, 288.0, 288.0, 288.0, 288.0, 288.0, 288.0, 288.0, 288.0, 288.0, 288.0, 288.0, 288.0, 288.0, 288.0, 288.0, 288.0, 288.0, 288.0, 288.0, 288.0, 288.0, 288.0, 288.0, 288.0, 288.0, 288.0, 288.0, 288.0, 288.0, 288.0, 288.0, 288.0, 288.0, 288.0, 288.0, 288.0, 288.0, 288.0]
Population Size: 50, Crossover %: 0.5, Mutation %: 0.01, Number of Elites: 3
whole score log: [208.0, 260.0, 290.0, 290.0, 290.0, 294.0, 295.0, 295.0, 295.0, 295.0, 295.0, 295.0, 295.0, 295.0, 295.0, 295.0, 295.0, 295.0, 295.0, 295.0, 295.0, 295.0, 295.0, 295.0, 295.0, 295.0, 295.0, 295.0, 295.0, 295.0, 295.0, 295.0, 295.0, 295.0, 295.0, 295.0, 295.0, 295.0, 295.0, 295.0, 295.0, 295.0, 295.0, 295.0, 295.0, 295.0, 295.0, 295.0, 295.0, 295.0, 295.0, 295.0, 295.0, 295.0, 295.0, 295.0, 295.0, 295.0, 295.0, 295.0, 295.0, 295.0, 295.0, 295.0, 295.0, 295.0, 295.0, 295.0, 295.0, 295.0, 295.0, 295.0, 295.0, 295.0, 295.0, 295.0, 295.0, 295.0, 295.0, 295.0, 295.0, 295.0, 295.0, 295.0, 295.0, 295.0, 295.0, 295.0, 295.0, 295.0, 295.0, 295.0, 295.0, 295.0, 295.0, 295.0, 295.0, 295.0, 295.0, 295.0, 295.0]
Population Size: 50, Crossover %: 0.5, Mutation %: 0.1, Number of Elites: 3
whole score log: [208.0, 208.0, 208.0, 233.0, 260.0, 260.0, 260.0, 260.0, 260.0, 260.0, 260.0, 260.0, 260.0, 260.0, 260.0, 260.0, 260.0, 260.0, 260.0, 260.0, 260.0, 260.0, 260.0, 260.0, 260.0, 260.0, 260.0, 260.0, 260.0, 260.0, 260.0, 260.0, 260.0, 260.0, 260.0, 260.0, 260.0, 260.0, 260.0, 260.0, 260.0, 290.0, 290.0, 290.0, 290.0, 290.0, 290.0, 290.0, 290.0, 290.0, 290.0, 290.0, 290.0, 290.0, 290.0, 294.0, 294.0, 294.0, 294.0, 295.0, 295.0, 295.0, 295.0, 295.0, 295.0, 295.0, 295.0, 295.0, 295.0, 295.0, 295.0, 295.0, 295.0, 295.0, 295.0, 295.0, 295.0, 295.0, 295.0, 295.0, 295.0, 295.0, 295.0, 295.0, 295.0, 295.0, 295.0, 295.0, 295.0, 295.0, 295.0, 295.0, 295.0, 295.0, 295.0, 295.0, 295.0, 295.0, 295.0, 295.0, 295.0]
Population Size: 50, Crossover %: 0.9, Mutation %: 0.01, Number of Elites: 3
whole score log: [208.0, 242.0, 242.0, 242.0, 242.0, 242.0, 285.0, 285.0, 285.0, 285.0, 285.0, 290.0, 290.0, 295.0, 295.0, 295.0, 295.0, 295.0, 295.0, 295.0, 295.0, 295.0, 295.0, 295.0, 295.0, 295.0, 295.0, 295.0, 295.0, 295.0, 295.0, 295.0, 295.0, 295.0, 295.0, 295.0, 295.0, 295.0, 295.0, 295.0, 295.0, 295.0, 295.0, 295.0, 295.0, 295.0, 295.0, 295.0, 295.0, 295.0, 295.0, 295.0, 295.0, 295.0, 295.0, 295.0, 295.0, 295.0, 295.0, 295.0, 295.0, 295.0, 295.0, 295.0, 295.0, 295.0, 295.0, 295.0, 295.0, 295.0, 295.0, 295.0, 295.0, 295.0, 295.0, 295.0, 295.0, 295.0, 295.0, 295.0, 295.0, 295.0, 295.0, 295.0, 295.0, 295.0, 295.0, 295.0, 295.0, 295.0, 295.0, 295.0, 295.0, 295.0, 295.0, 295.0, 295.0, 295.0, 295.0, 295.0, 295.0]
Population Size: 50, Crossover %: 0.9, Mutation %: 0.1, Number of Elites: 3
whole score log: [208.0, 246.0, 246.0, 260.0, 274.0, 274.0, 274.0, 274.0, 274.0, 274.0, 294.0, 294.0, 294.0, 294.0, 294.0, 294.0, 294.0, 294.0, 294.0, 294.0, 294.0, 294.0, 294.0, 294.0, 294.0, 294.0, 294.0, 294.0, 294.0, 294.0, 294.0, 294.0, 294.0, 294.0, 294.0, 294.0, 294.0, 294.0, 294.0, 295.0, 295.0, 295.0, 295.0, 295.0, 295.0, 295.0, 295.0, 295.0, 295.0, 295.0, 295.0, 295.0, 295.0, 295.0, 295.0, 295.0, 295.0, 295.0, 295.0, 295.0, 295.0, 295.0, 295.0, 295.0, 295.0, 295.0, 295.0, 295.0, 295.0, 295.0, 295.0, 295.0, 295.0, 295.0, 295.0, 295.0, 295.0, 295.0, 295.0, 295.0, 295.0, 295.0, 295.0, 295.0, 295.0, 295.0, 295.0, 295.0, 295.0, 295.0, 295.0, 295.0, 295.0, 295.0, 295.0, 295.0, 295.0, 295.0, 295.0, 295.0, 295.0]
Population Size: 500, Crossover %: 0.5, Mutation %: 0.01, Number of Elites: 3
whole score log: [208.0, 250.0, 279.0, 280.0, 294.0, 295.0, 295.0, 295.0, 295.0, 295.0, 295.0, 295.0, 295.0, 295.0, 295.0, 295.0, 295.0, 295.0, 295.0, 295.0, 295.0, 295.0, 295.0, 295.0, 295.0, 295.0, 295.0, 295.0, 295.0, 295.0, 295.0, 295.0, 295.0, 295.0, 295.0, 295.0, 295.0, 295.0, 295.0, 295.0, 295.0, 295.0, 295.0, 295.0, 295.0, 295.0, 295.0, 295.0, 295.0, 295.0, 295.0, 295.0, 295.0, 295.0, 295.0, 295.0, 295.0, 295.0, 295.0, 295.0, 295.0, 295.0, 295.0, 295.0, 295.0, 295.0, 295.0, 295.0, 295.0, 295.0, 295.0, 295.0, 295.0, 295.0, 295.0, 295.0, 295.0, 295.0, 295.0, 295.0, 295.0, 295.0, 295.0, 295.0, 295.0, 295.0, 295.0, 295.0, 295.0, 295.0, 295.0, 295.0, 295.0, 295.0, 295.0, 295.0, 295.0, 295.0, 295.0, 295.0, 295.0]
Population Size: 500, Crossover %: 0.5, Mutation %: 0.1, Number of Elites: 3
whole score log: [208.0, 213.0, 232.0, 274.0, 274.0, 274.0, 274.0, 274.0, 274.0, 274.0, 274.0, 274.0, 274.0, 274.0, 274.0, 274.0, 274.0, 274.0, 274.0, 274.0, 274.0, 274.0, 274.0, 274.0, 274.0, 274.0, 274.0, 274.0, 274.0, 274.0, 274.0, 274.0, 274.0, 274.0, 274.0, 274.0, 274.0, 274.0, 274.0, 274.0, 274.0, 280.0, 290.0, 290.0, 290.0, 290.0, 290.0, 290.0, 290.0, 290.0, 290.0, 290.0, 290.0, 290.0, 290.0, 290.0, 290.0, 290.0, 290.0, 290.0, 290.0, 290.0, 290.0, 290.0, 290.0, 290.0, 290.0, 295.0, 295.0, 295.0, 295.0, 295.0, 295.0, 295.0, 295.0, 295.0, 295.0, 295.0, 295.0, 295.0, 295.0, 295.0, 295.0, 295.0, 295.0, 295.0, 295.0, 295.0, 295.0, 295.0, 295.0, 295.0, 295.0, 295.0, 295.0, 295.0, 295.0, 295.0, 295.0, 295.0, 295.0]
Population Size: 500, Crossover %: 0.9, Mutation %: 0.01, Number of Elites: 3
whole score log: [208.0, 242.0, 284.0, 295.0, 295.0, 295.0, 295.0, 295.0, 295.0, 295.0, 295.0, 295.0, 295.0, 295.0, 295.0, 295.0, 295.0, 295.0, 295.0, 295.0, 295.0, 295.0, 295.0, 295.0, 295.0, 295.0, 295.0, 295.0, 295.0, 295.0, 295.0, 295.0, 295.0, 295.0, 295.0, 295.0, 295.0, 295.0, 295.0, 295.0, 295.0, 295.0, 295.0, 295.0, 295.0, 295.0, 295.0, 295.0, 295.0, 295.0, 295.0, 295.0, 295.0, 295.0, 295.0, 295.0, 295.0, 295.0, 295.0, 295.0, 295.0, 295.0, 295.0, 295.0, 295.0, 295.0, 295.0, 295.0, 295.0, 295.0, 295.0, 295.0, 295.0, 295.0, 295.0, 295.0, 295.0, 295.0, 295.0, 295.0, 295.0, 295.0, 295.0, 295.0, 295.0, 295.0, 295.0, 295.0, 295.0, 295.0, 295.0, 295.0, 295.0, 295.0, 295.0, 295.0, 295.0, 295.0, 295.0, 295.0, 295.0]
Population Size: 500, Crossover %: 0.9, Mutation %: 0.1, Number of Elites: 3
