Optimal solution = 1024
whole score log: [632.0, 720.0, 720.0, 757.0, 783.0, 798.0, 833.0, 833.0, 921.0, 953.0, 953.0, 953.0, 953.0, 953.0, 953.0, 953.0, 953.0, 953.0, 953.0, 953.0, 953.0, 953.0, 953.0, 953.0, 953.0, 953.0, 953.0, 953.0, 953.0, 953.0, 953.0, 953.0, 953.0, 953.0, 953.0, 953.0, 953.0, 953.0, 953.0, 953.0, 953.0, 953.0, 953.0, 967.0, 967.0, 1005.0, 1005.0, 1005.0, 1005.0, 1013.0, 1013.0, 1013.0, 1013.0, 1013.0, 1013.0, 1013.0, 1013.0, 1013.0, 1013.0, 1013.0, 1013.0, 1013.0, 1013.0, 1013.0, 1013.0, 1013.0, 1013.0, 1013.0, 1013.0, 1013.0, 1013.0, 1013.0, 1013.0, 1013.0, 1013.0, 1013.0, 1013.0, 1013.0, 1013.0, 1013.0, 1013.0, 1013.0, 1013.0, 1013.0, 1013.0, 1013.0, 1013.0, 1013.0, 1013.0, 1013.0, 1013.0, 1013.0, 1013.0, 1013.0, 1013.0, 1013.0, 1013.0, 1013.0, 1013.0, 1013.0, 1013.0]
Population Size: 50, Crossover %: 0.5, Mutation %: 0.01, Number of Elites: 3
whole score log: [706.0, 706.0, 858.0, 910.0, 910.0, 910.0, 910.0, 935.0, 935.0, 935.0, 935.0, 950.0, 950.0, 950.0, 970.0, 989.0, 989.0, 989.0, 989.0, 989.0, 989.0, 989.0, 989.0, 989.0, 989.0, 989.0, 1016.0, 1016.0, 1016.0, 1016.0, 1016.0, 1016.0, 1016.0, 1016.0, 1016.0, 1016.0, 1016.0, 1016.0, 1016.0, 1016.0, 1016.0, 1016.0, 1016.0, 1016.0, 1016.0, 1016.0, 1016.0, 1016.0, 1016.0, 1016.0, 1016.0, 1016.0, 1016.0, 1016.0, 1024.0, 1024.0, 1024.0, 1024.0, 1024.0, 1024.0, 1024.0, 1024.0, 1024.0, 1024.0, 1024.0, 1024.0, 1024.0, 1024.0, 1024.0, 1024.0, 1024.0, 1024.0, 1024.0, 1024.0, 1024.0, 1024.0, 1024.0, 1024.0, 1024.0, 1024.0, 1024.0, 1024.0, 1024.0, 1024.0, 1024.0, 1024.0, 1024.0, 1024.0, 1024.0, 1024.0, 1024.0, 1024.0, 1024.0, 1024.0, 1024.0, 1024.0, 1024.0, 1024.0, 1024.0, 1024.0, 1024.0]
Population Size: 50, Crossover %: 0.5, Mutation %: 0.1, Number of Elites: 3
whole score log: [642.0, 703.0, 717.0, 720.0, 739.0, 739.0, 845.0, 855.0, 886.0, 886.0, 895.0, 932.0, 956.0, 959.0, 959.0, 970.0, 973.0, 1013.0, 1013.0, 1018.0, 1018.0, 1018.0, 1018.0, 1018.0, 1018.0, 1018.0, 1018.0, 1018.0, 1018.0, 1018.0, 1018.0, 1018.0, 1018.0, 1018.0, 1018.0, 1018.0, 1018.0, 1018.0, 1018.0, 1018.0, 1018.0, 1024.0, 1024.0, 1024.0, 1024.0, 1024.0, 1024.0, 1024.0, 1024.0, 1024.0, 1024.0, 1024.0, 1024.0, 1024.0, 1024.0, 1024.0, 1024.0, 1024.0, 1024.0, 1024.0, 1024.0, 1024.0, 1024.0, 1024.0, 1024.0, 1024.0, 1024.0, 1024.0, 1024.0, 1024.0, 1024.0, 1024.0, 1024.0, 1024.0, 1024.0, 1024.0, 1024.0, 1024.0, 1024.0, 1024.0, 1024.0, 1024.0, 1024.0, 1024.0, 1024.0, 1024.0, 1024.0, 1024.0, 1024.0, 1024.0, 1024.0, 1024.0, 1024.0, 1024.0, 1024.0, 1024.0, 1024.0, 1024.0, 1024.0, 1024.0, 1024.0]
Population Size: 50, Crossover %: 0.9, Mutation %: 0.01, Number of Elites: 3
whole score log: [783.0, 786.0, 915.0, 915.0, 915.0, 915.0, 915.0, 941.0, 941.0, 941.0, 941.0, 941.0, 941.0, 941.0, 941.0, 941.0, 941.0, 941.0, 970.0, 970.0, 978.0, 984.0, 984.0, 984.0, 984.0, 1024.0, 1024.0, 1024.0, 1024.0, 1024.0, 1024.0, 1024.0, 1024.0, 1024.0, 1024.0, 1024.0, 1024.0, 1024.0, 1024.0, 1024.0, 1024.0, 1024.0, 1024.0, 1024.0, 1024.0, 1024.0, 1024.0, 1024.0, 1024.0, 1024.0, 1024.0, 1024.0, 1024.0, 1024.0, 1024.0, 1024.0, 1024.0, 1024.0, 1024.0, 1024.0, 1024.0, 1024.0, 1024.0, 1024.0, 1024.0, 1024.0, 1024.0, 1024.0, 1024.0, 1024.0, 1024.0, 1024.0, 1024.0, 1024.0, 1024.0, 1024.0, 1024.0, 1024.0, 1024.0, 1024.0, 1024.0, 1024.0, 1024.0, 1024.0, 1024.0, 1024.0, 1024.0, 1024.0, 1024.0, 1024.0, 1024.0, 1024.0, 1024.0, 1024.0, 1024.0, 1024.0, 1024.0, 1024.0, 1024.0, 1024.0, 1024.0]
Population Size: 50, Crossover %: 0.9, Mutation %: 0.1, Number of Elites: 3
whole score log: [793.0, 793.0, 818.0, 854.0, 875.0, 875.0, 875.0, 930.0, 930.0, 938.0, 978.0, 978.0, 978.0, 982.0, 990.0, 1001.0, 1001.0, 1001.0, 1001.0, 1001.0, 1009.0, 1009.0, 1009.0, 1009.0, 1016.0, 1016.0, 1016.0, 1016.0, 1016.0, 1016.0, 1018.0, 1018.0, 1018.0, 1018.0, 1018.0, 1018.0, 1018.0, 1018.0, 1018.0, 1024.0, 1024.0, 1024.0, 1024.0, 1024.0, 1024.0, 1024.0, 1024.0, 1024.0, 1024.0, 1024.0, 1024.0, 1024.0, 1024.0, 1024.0, 1024.0, 1024.0, 1024.0, 1024.0, 1024.0, 1024.0, 1024.0, 1024.0, 1024.0, 1024.0, 1024.0, 1024.0, 1024.0, 1024.0, 1024.0, 1024.0, 1024.0, 1024.0, 1024.0, 1024.0, 1024.0, 1024.0, 1024.0, 1024.0, 1024.0, 1024.0, 1024.0, 1024.0, 1024.0, 1024.0, 1024.0, 1024.0, 1024.0, 1024.0, 1024.0, 1024.0, 1024.0, 1024.0, 1024.0, 1024.0, 1024.0, 1024.0, 1024.0, 1024.0, 1024.0, 1024.0, 1024.0]
Population Size: 500, Crossover %: 0.5, Mutation %: 0.01, Number of Elites: 3
whole score log: [826.0, 840.0, 877.0, 922.0, 922.0, 976.0, 976.0, 976.0, 1013.0, 1013.0, 1013.0, 1013.0, 1013.0, 1013.0, 1018.0, 1018.0, 1018.0, 1018.0, 1018.0, 1018.0, 1018.0, 1018.0, 1018.0, 1018.0, 1024.0, 1024.0, 1024.0, 1024.0, 1024.0, 1024.0, 1024.0, 1024.0, 1024.0, 1024.0, 1024.0, 1024.0, 1024.0, 1024.0, 1024.0, 1024.0, 1024.0, 1024.0, 1024.0, 1024.0, 1024.0, 1024.0, 1024.0, 1024.0, 1024.0, 1024.0, 1024.0, 1024.0, 1024.0, 1024.0, 1024.0, 1024.0, 1024.0, 1024.0, 1024.0, 1024.0, 1024.0, 1024.0, 1024.0, 1024.0, 1024.0, 1024.0, 1024.0, 1024.0, 1024.0, 1024.0, 1024.0, 1024.0, 1024.0, 1024.0, 1024.0, 1024.0, 1024.0, 1024.0, 1024.0, 1024.0, 1024.0, 1024.0, 1024.0, 1024.0, 1024.0, 1024.0, 1024.0, 1024.0, 1024.0, 1024.0, 1024.0, 1024.0, 1024.0, 1024.0, 1024.0, 1024.0, 1024.0, 1024.0, 1024.0, 1024.0, 1024.0]
Population Size: 500, Crossover %: 0.5, Mutation %: 0.1, Number of Elites: 3
whole score log: [792.0, 792.0, 809.0, 878.0, 878.0, 888.0, 888.0, 888.0, 971.0, 971.0, 989.0, 989.0, 989.0, 989.0, 989.0, 989.0, 989.0, 989.0, 1018.0, 1018.0, 1018.0, 1018.0, 1018.0, 1018.0, 1018.0, 1018.0, 1018.0, 1018.0, 1018.0, 1018.0, 1018.0, 1018.0, 1018.0, 1018.0, 1018.0, 1018.0, 1018.0, 1018.0, 1018.0, 1018.0, 1018.0, 1018.0, 1018.0, 1018.0, 1018.0, 1018.0, 1018.0, 1024.0, 1024.0, 1024.0, 1024.0, 1024.0, 1024.0, 1024.0, 1024.0, 1024.0, 1024.0, 1024.0, 1024.0, 1024.0, 1024.0, 1024.0, 1024.0, 1024.0, 1024.0, 1024.0, 1024.0, 1024.0, 1024.0, 1024.0, 1024.0, 1024.0, 1024.0, 1024.0, 1024.0, 1024.0, 1024.0, 1024.0, 1024.0, 1024.0, 1024.0, 1024.0, 1024.0, 1024.0, 1024.0, 1024.0, 1024.0, 1024.0, 1024.0, 1024.0, 1024.0, 1024.0, 1024.0, 1024.0, 1024.0, 1024.0, 1024.0, 1024.0, 1024.0, 1024.0, 1024.0]
Population Size: 500, Crossover %: 0.9, Mutation %: 0.01, Number of Elites: 3
whole score log: [846.0, 867.0, 904.0, 905.0, 905.0, 913.0, 960.0, 960.0, 960.0, 960.0, 960.0, 960.0, 960.0, 1024.0, 1024.0, 1024.0, 1024.0, 1024.0, 1024.0, 1024.0, 1024.0, 1024.0, 1024.0, 1024.0, 1024.0, 1024.0, 1024.0, 1024.0, 1024.0, 1024.0, 1024.0, 1024.0, 1024.0, 1024.0, 1024.0, 1024.0, 1024.0, 1024.0, 1024.0, 1024.0, 1024.0, 1024.0, 1024.0, 1024.0, 1024.0, 1024.0, 1024.0, 1024.0, 1024.0, 1024.0, 1024.0, 1024.0, 1024.0, 1024.0, 1024.0, 1024.0, 1024.0, 1024.0, 1024.0, 1024.0, 1024.0, 1024.0, 1024.0, 1024.0, 1024.0, 1024.0, 1024.0, 1024.0, 1024.0, 1024.0, 1024.0, 1024.0, 1024.0, 1024.0, 1024.0, 1024.0, 1024.0, 1024.0, 1024.0, 1024.0, 1024.0, 1024.0, 1024.0, 1024.0, 1024.0, 1024.0, 1024.0, 1024.0, 1024.0, 1024.0, 1024.0, 1024.0, 1024.0, 1024.0, 1024.0, 1024.0, 1024.0, 1024.0, 1024.0, 1024.0, 1024.0]
Population Size: 500, Crossover %: 0.9, Mutation %: 0.1, Number of Elites: 3
