Optimal solution = 107
whole score log: [102.0, 102.0, 102.0, 102.0, 102.0, 102.0, 102.0, 102.0, 102.0, 102.0, 102.0, 102.0, 105.0, 105.0, 105.0, 105.0, 105.0, 105.0, 105.0, 105.0, 105.0, 105.0, 105.0, 105.0, 105.0, 105.0, 105.0, 105.0, 105.0, 105.0, 105.0, 105.0, 105.0, 105.0, 105.0, 105.0, 105.0, 105.0, 105.0, 105.0, 105.0, 105.0, 105.0, 105.0, 105.0, 105.0, 105.0, 105.0, 105.0, 105.0, 105.0, 105.0, 105.0, 105.0, 105.0, 105.0, 105.0, 105.0, 105.0, 105.0, 105.0, 105.0, 105.0, 105.0, 105.0, 105.0, 105.0, 105.0, 105.0, 105.0, 105.0, 105.0, 105.0, 105.0, 105.0, 105.0, 105.0, 105.0, 105.0, 105.0, 105.0, 105.0, 105.0, 105.0, 105.0, 105.0, 105.0, 105.0, 105.0, 105.0, 105.0, 105.0, 105.0, 105.0, 105.0, 105.0, 105.0, 105.0, 105.0, 105.0, 105.0]
Population Size: 50, Crossover %: 0.5, Mutation %: 0.01, Number of Elites: 3
whole score log: [102.0, 107.0, 107.0, 107.0, 107.0, 107.0, 107.0, 107.0, 107.0, 107.0, 107.0, 107.0, 107.0, 107.0, 107.0, 107.0, 107.0, 107.0, 107.0, 107.0, 107.0, 107.0, 107.0, 107.0, 107.0, 107.0, 107.0, 107.0, 107.0, 107.0, 107.0, 107.0, 107.0, 107.0, 107.0, 107.0, 107.0, 107.0, 107.0, 107.0, 107.0, 107.0, 107.0, 107.0, 107.0, 107.0, 107.0, 107.0, 107.0, 107.0, 107.0, 107.0, 107.0, 107.0, 107.0, 107.0, 107.0, 107.0, 107.0, 107.0, 107.0, 107.0, 107.0, 107.0, 107.0, 107.0, 107.0, 107.0, 107.0, 107.0, 107.0, 107.0, 107.0, 107.0, 107.0, 107.0, 107.0, 107.0, 107.0, 107.0, 107.0, 107.0, 107.0, 107.0, 107.0, 107.0, 107.0, 107.0, 107.0, 107.0, 107.0, 107.0, 107.0, 107.0, 107.0, 107.0, 107.0, 107.0, 107.0, 107.0, 107.0]
Population Size: 50, Crossover %: 0.5, Mutation %: 0.1, Number of Elites: 3
whole score log: [102.0, 102.0, 102.0, 102.0, 102.0, 102.0, 102.0, 102.0, 102.0, 102.0, 102.0, 102.0, 102.0, 102.0, 102.0, 102.0, 102.0, 102.0, 102.0, 102.0, 102.0, 102.0, 102.0, 102.0, 102.0, 102.0, 102.0, 102.0, 102.0, 102.0, 102.0, 102.0, 102.0, 102.0, 102.0, 102.0, 102.0, 102.0, 102.0, 102.0, 102.0, 102.0, 102.0, 102.0, 102.0, 102.0, 102.0, 102.0, 102.0, 102.0, 102.0, 102.0, 102.0, 102.0, 102.0, 102.0, 102.0, 102.0, 102.0, 102.0, 102.0, 102.0, 102.0, 102.0, 102.0, 102.0, 102.0, 102.0, 102.0, 102.0, 102.0, 102.0, 102.0, 102.0, 102.0, 102.0, 102.0, 102.0, 102.0, 102.0, 102.0, 102.0, 102.0, 102.0, 102.0, 102.0, 102.0, 102.0, 102.0, 102.0, 102.0, 102.0, 102.0, 102.0, 102.0, 102.0, 102.0, 102.0, 102.0, 102.0, 102.0]
Population Size: 50, Crossover %: 0.9, Mutation %: 0.01, Number of Elites: 3
whole score log: [102.0, 102.0, 105.0, 105.0, 105.0, 105.0, 105.0, 105.0, 105.0, 105.0, 105.0, 105.0, 105.0, 105.0, 105.0, 105.0, 105.0, 105.0, 105.0, 105.0, 105.0, 105.0, 105.0, 105.0, 105.0, 105.0, 105.0, 105.0, 107.0, 107.0, 107.0, 107.0, 107.0, 107.0, 107.0, 107.0, 107.0, 107.0, 107.0, 107.0, 107.0, 107.0, 107.0, 107.0, 107.0, 107.0, 107.0, 107.0, 107.0, 107.0, 107.0, 107.0, 107.0, 107.0, 107.0, 107.0, 107.0, 107.0, 107.0, 107.0, 107.0, 107.0, 107.0, 107.0, 107.0, 107.0, 107.0, 107.0, 107.0, 107.0, 107.0, 107.0, 107.0, 107.0, 107.0, 107.0, 107.0, 107.0, 107.0, 107.0, 107.0, 107.0, 107.0, 107.0, 107.0, 107.0, 107.0, 107.0, 107.0, 107.0, 107.0, 107.0, 107.0, 107.0, 107.0, 107.0, 107.0, 107.0, 107.0, 107.0, 107.0]
Population Size: 50, Crossover %: 0.9, Mutation %: 0.1, Number of Elites: 3
whole score log: [102.0, 102.0, 102.0, 105.0, 105.0, 105.0, 105.0, 105.0, 105.0, 105.0, 105.0, 105.0, 105.0, 105.0, 105.0, 105.0, 105.0, 105.0, 105.0, 105.0, 105.0, 105.0, 105.0, 105.0, 105.0, 105.0, 105.0, 105.0, 105.0, 105.0, 105.0, 105.0, 105.0, 105.0, 105.0, 105.0, 105.0, 105.0, 105.0, 105.0, 105.0, 105.0, 105.0, 105.0, 105.0, 105.0, 105.0, 105.0, 105.0, 105.0, 105.0, 105.0, 105.0, 105.0, 105.0, 105.0, 105.0, 105.0, 105.0, 105.0, 105.0, 105.0, 105.0, 105.0, 105.0, 105.0, 105.0, 105.0, 105.0, 105.0, 105.0, 105.0, 105.0, 105.0, 105.0, 105.0, 105.0, 105.0, 105.0, 105.0, 105.0, 105.0, 105.0, 105.0, 105.0, 105.0, 105.0, 105.0, 105.0, 105.0, 105.0, 105.0, 105.0, 105.0, 105.0, 105.0, 105.0, 105.0, 105.0, 105.0, 105.0]
Population Size: 500, Crossover %: 0.5, Mutation %: 0.01, Number of Elites: 3
whole score log: [102.0, 107.0, 107.0, 107.0, 107.0, 107.0, 107.0, 107.0, 107.0, 107.0, 107.0, 107.0, 107.0, 107.0, 107.0, 107.0, 107.0, 107.0, 107.0, 107.0, 107.0, 107.0, 107.0, 107.0, 107.0, 107.0, 107.0, 107.0, 107.0, 107.0, 107.0, 107.0, 107.0, 107.0, 107.0, 107.0, 107.0, 107.0, 107.0, 107.0, 107.0, 107.0, 107.0, 107.0, 107.0, 107.0, 107.0, 107.0, 107.0, 107.0, 107.0, 107.0, 107.0, 107.0, 107.0, 107.0, 107.0, 107.0, 107.0, 107.0, 107.0, 107.0, 107.0, 107.0, 107.0, 107.0, 107.0, 107.0, 107.0, 107.0, 107.0, 107.0, 107.0, 107.0, 107.0, 107.0, 107.0, 107.0, 107.0, 107.0, 107.0, 107.0, 107.0, 107.0, 107.0, 107.0, 107.0, 107.0, 107.0, 107.0, 107.0, 107.0, 107.0, 107.0, 107.0, 107.0, 107.0, 107.0, 107.0, 107.0, 107.0]
Population Size: 500, Crossover %: 0.5, Mutation %: 0.1, Number of Elites: 3
whole score log: [102.0, 105.0, 105.0, 105.0, 105.0, 105.0, 105.0, 105.0, 105.0, 105.0, 105.0, 105.0, 105.0, 105.0, 105.0, 105.0, 105.0, 105.0, 105.0, 105.0, 105.0, 105.0, 105.0, 105.0, 105.0, 105.0, 105.0, 105.0, 105.0, 105.0, 107.0, 107.0, 107.0, 107.0, 107.0, 107.0, 107.0, 107.0, 107.0, 107.0, 107.0, 107.0, 107.0, 107.0, 107.0, 107.0, 107.0, 107.0, 107.0, 107.0, 107.0, 107.0, 107.0, 107.0, 107.0, 107.0, 107.0, 107.0, 107.0, 107.0, 107.0, 107.0, 107.0, 107.0, 107.0, 107.0, 107.0, 107.0, 107.0, 107.0, 107.0, 107.0, 107.0, 107.0, 107.0, 107.0, 107.0, 107.0, 107.0, 107.0, 107.0, 107.0, 107.0, 107.0, 107.0, 107.0, 107.0, 107.0, 107.0, 107.0, 107.0, 107.0, 107.0, 107.0, 107.0, 107.0, 107.0, 107.0, 107.0, 107.0, 107.0]
Population Size: 500, Crossover %: 0.9, Mutation %: 0.01, Number of Elites: 3
whole score log: [102.0, 107.0, 107.0, 107.0, 107.0, 107.0, 107.0, 107.0, 107.0, 107.0, 107.0, 107.0, 107.0, 107.0, 107.0, 107.0, 107.0, 107.0, 107.0, 107.0, 107.0, 107.0, 107.0, 107.0, 107.0, 107.0, 107.0, 107.0, 107.0, 107.0, 107.0, 107.0, 107.0, 107.0, 107.0, 107.0, 107.0, 107.0, 107.0, 107.0, 107.0, 107.0, 107.0, 107.0, 107.0, 107.0, 107.0, 107.0, 107.0, 107.0, 107.0, 107.0, 107.0, 107.0, 107.0, 107.0, 107.0, 107.0, 107.0, 107.0, 107.0, 107.0, 107.0, 107.0, 107.0, 107.0, 107.0, 107.0, 107.0, 107.0, 107.0, 107.0, 107.0, 107.0, 107.0, 107.0, 107.0, 107.0, 107.0, 107.0, 107.0, 107.0, 107.0, 107.0, 107.0, 107.0, 107.0, 107.0, 107.0, 107.0, 107.0, 107.0, 107.0, 107.0, 107.0, 107.0, 107.0, 107.0, 107.0, 107.0, 107.0]
Population Size: 500, Crossover %: 0.9, Mutation %: 0.1, Number of Elites: 3
