Optimal solution = 9767
whole score log: [8299.0, 8299.0, 8299.0, 9273.0, 9273.0, 9756.0, 9756.0, 9756.0, 9756.0, 9756.0, 9756.0, 9756.0, 9756.0, 9756.0, 9756.0, 9756.0, 9756.0, 9756.0, 9756.0, 9756.0, 9760.0, 9760.0, 9762.0, 9762.0, 9762.0, 9762.0, 9762.0, 9762.0, 9762.0, 9762.0, 9762.0, 9762.0, 9762.0, 9762.0, 9762.0, 9762.0, 9762.0, 9762.0, 9762.0, 9762.0, 9762.0, 9762.0, 9762.0, 9762.0, 9762.0, 9762.0, 9762.0, 9762.0, 9762.0, 9762.0, 9762.0, 9762.0, 9762.0, 9762.0, 9762.0, 9762.0, 9762.0, 9762.0, 9762.0, 9762.0, 9762.0, 9762.0, 9762.0, 9762.0, 9762.0, 9762.0, 9762.0, 9762.0, 9762.0, 9762.0, 9762.0, 9762.0, 9762.0, 9762.0, 9762.0, 9762.0, 9762.0, 9762.0, 9762.0, 9762.0, 9762.0, 9762.0, 9762.0, 9762.0, 9762.0, 9762.0, 9763.0, 9763.0, 9763.0, 9763.0, 9763.0, 9763.0, 9763.0, 9763.0, 9763.0, 9763.0, 9763.0, 9763.0, 9763.0, 9763.0, 9763.0]
Population Size: 50, Crossover %: 0.5, Mutation %: 0.01, Number of Elites: 3
whole score log: [8301.0, 9274.0, 9735.0, 9735.0, 9757.0, 9757.0, 9757.0, 9757.0, 9757.0, 9757.0, 9757.0, 9757.0, 9757.0, 9757.0, 9757.0, 9757.0, 9757.0, 9757.0, 9757.0, 9757.0, 9757.0, 9757.0, 9757.0, 9757.0, 9757.0, 9757.0, 9757.0, 9757.0, 9757.0, 9757.0, 9757.0, 9757.0, 9757.0, 9757.0, 9757.0, 9757.0, 9757.0, 9757.0, 9757.0, 9757.0, 9757.0, 9757.0, 9757.0, 9757.0, 9757.0, 9757.0, 9757.0, 9757.0, 9757.0, 9757.0, 9757.0, 9757.0, 9757.0, 9757.0, 9757.0, 9757.0, 9757.0, 9757.0, 9757.0, 9757.0, 9757.0, 9757.0, 9757.0, 9757.0, 9757.0, 9757.0, 9757.0, 9757.0, 9757.0, 9757.0, 9758.0, 9758.0, 9758.0, 9758.0, 9758.0, 9758.0, 9758.0, 9758.0, 9758.0, 9758.0, 9758.0, 9758.0, 9758.0, 9758.0, 9758.0, 9758.0, 9758.0, 9758.0, 9758.0, 9758.0, 9758.0, 9758.0, 9758.0, 9758.0, 9758.0, 9758.0, 9758.0, 9758.0, 9758.0, 9758.0, 9758.0]
Population Size: 50, Crossover %: 0.5, Mutation %: 0.1, Number of Elites: 3
whole score log: [7332.0, 7816.0, 7816.0, 7817.0, 8775.0, 8775.0, 9761.0, 9761.0, 9761.0, 9761.0, 9761.0, 9761.0, 9761.0, 9761.0, 9761.0, 9763.0, 9763.0, 9763.0, 9763.0, 9763.0, 9763.0, 9763.0, 9763.0, 9763.0, 9763.0, 9763.0, 9763.0, 9763.0, 9763.0, 9763.0, 9763.0, 9763.0, 9763.0, 9763.0, 9763.0, 9763.0, 9763.0, 9763.0, 9763.0, 9763.0, 9763.0, 9763.0, 9763.0, 9763.0, 9763.0, 9763.0, 9763.0, 9763.0, 9763.0, 9763.0, 9763.0, 9763.0, 9763.0, 9763.0, 9763.0, 9763.0, 9763.0, 9763.0, 9763.0, 9763.0, 9763.0, 9763.0, 9763.0, 9763.0, 9763.0, 9763.0, 9763.0, 9763.0, 9763.0, 9763.0, 9763.0, 9763.0, 9763.0, 9763.0, 9763.0, 9763.0, 9763.0, 9763.0, 9763.0, 9767.0, 9767.0, 9767.0, 9767.0, 9767.0, 9767.0, 9767.0, 9767.0, 9767.0, 9767.0, 9767.0, 9767.0, 9767.0, 9767.0, 9767.0, 9767.0, 9767.0, 9767.0, 9767.0, 9767.0, 9767.0, 9767.0]
Population Size: 50, Crossover %: 0.9, Mutation %: 0.01, Number of Elites: 3
whole score log: [7817.0, 9235.0, 9745.0, 9746.0, 9746.0, 9746.0, 9746.0, 9746.0, 9746.0, 9746.0, 9746.0, 9746.0, 9746.0, 9746.0, 9746.0, 9746.0, 9746.0, 9746.0, 9746.0, 9746.0, 9746.0, 9746.0, 9746.0, 9746.0, 9746.0, 9746.0, 9746.0, 9746.0, 9746.0, 9746.0, 9746.0, 9746.0, 9746.0, 9746.0, 9746.0, 9746.0, 9746.0, 9746.0, 9746.0, 9746.0, 9746.0, 9746.0, 9746.0, 9746.0, 9746.0, 9746.0, 9746.0, 9758.0, 9758.0, 9758.0, 9758.0, 9758.0, 9758.0, 9758.0, 9758.0, 9758.0, 9758.0, 9758.0, 9758.0, 9758.0, 9758.0, 9758.0, 9758.0, 9758.0, 9758.0, 9758.0, 9758.0, 9758.0, 9758.0, 9758.0, 9758.0, 9758.0, 9758.0, 9758.0, 9758.0, 9758.0, 9758.0, 9758.0, 9758.0, 9758.0, 9758.0, 9758.0, 9758.0, 9758.0, 9758.0, 9758.0, 9758.0, 9758.0, 9758.0, 9758.0, 9758.0, 9758.0, 9758.0, 9758.0, 9758.0, 9758.0, 9758.0, 9758.0, 9758.0, 9758.0, 9758.0]
Population Size: 50, Crossover %: 0.9, Mutation %: 0.1, Number of Elites: 3
whole score log: [8786.0, 9271.0, 9745.0, 9749.0, 9750.0, 9758.0, 9758.0, 9758.0, 9758.0, 9758.0, 9760.0, 9760.0, 9760.0, 9760.0, 9760.0, 9763.0, 9763.0, 9763.0, 9763.0, 9763.0, 9763.0, 9763.0, 9763.0, 9763.0, 9763.0, 9763.0, 9763.0, 9763.0, 9763.0, 9763.0, 9763.0, 9763.0, 9763.0, 9763.0, 9763.0, 9763.0, 9763.0, 9763.0, 9763.0, 9763.0, 9763.0, 9763.0, 9763.0, 9763.0, 9763.0, 9763.0, 9763.0, 9763.0, 9763.0, 9763.0, 9763.0, 9763.0, 9763.0, 9763.0, 9763.0, 9763.0, 9763.0, 9763.0, 9763.0, 9763.0, 9763.0, 9763.0, 9763.0, 9763.0, 9763.0, 9763.0, 9763.0, 9763.0, 9763.0, 9763.0, 9763.0, 9763.0, 9763.0, 9763.0, 9763.0, 9763.0, 9763.0, 9763.0, 9763.0, 9763.0, 9763.0, 9763.0, 9763.0, 9763.0, 9763.0, 9763.0, 9763.0, 9763.0, 9763.0, 9763.0, 9763.0, 9763.0, 9763.0, 9763.0, 9763.0, 9763.0, 9763.0, 9763.0, 9763.0, 9763.0, 9763.0]
Population Size: 500, Crossover %: 0.5, Mutation %: 0.01, Number of Elites: 3
whole score log: [8786.0, 9752.0, 9759.0, 9759.0, 9761.0, 9761.0, 9761.0, 9761.0, 9761.0, 9761.0, 9761.0, 9761.0, 9761.0, 9761.0, 9761.0, 9761.0, 9761.0, 9761.0, 9761.0, 9761.0, 9761.0, 9761.0, 9761.0, 9761.0, 9761.0, 9761.0, 9761.0, 9761.0, 9761.0, 9761.0, 9761.0, 9761.0, 9761.0, 9761.0, 9761.0, 9761.0, 9761.0, 9761.0, 9761.0, 9761.0, 9761.0, 9761.0, 9761.0, 9761.0, 9761.0, 9761.0, 9761.0, 9761.0, 9761.0, 9761.0, 9761.0, 9761.0, 9761.0, 9761.0, 9761.0, 9761.0, 9761.0, 9761.0, 9761.0, 9761.0, 9761.0, 9761.0, 9761.0, 9761.0, 9761.0, 9761.0, 9761.0, 9761.0, 9761.0, 9761.0, 9761.0, 9761.0, 9761.0, 9761.0, 9761.0, 9761.0, 9761.0, 9761.0, 9761.0, 9761.0, 9761.0, 9761.0, 9761.0, 9761.0, 9761.0, 9761.0, 9761.0, 9761.0, 9761.0, 9761.0, 9761.0, 9761.0, 9761.0, 9761.0, 9761.0, 9761.0, 9761.0, 9761.0, 9761.0, 9761.0, 9761.0]
Population Size: 500, Crossover %: 0.5, Mutation %: 0.1, Number of Elites: 3
whole score log: [8786.0, 9271.0, 9271.0, 9745.0, 9745.0, 9758.0, 9758.0, 9758.0, 9758.0, 9758.0, 9758.0, 9760.0, 9760.0, 9760.0, 9760.0, 9760.0, 9761.0, 9761.0, 9761.0, 9761.0, 9761.0, 9767.0, 9767.0, 9767.0, 9767.0, 9767.0, 9767.0, 9767.0, 9767.0, 9767.0, 9767.0, 9767.0, 9767.0, 9767.0, 9767.0, 9767.0, 9767.0, 9767.0, 9767.0, 9767.0, 9767.0, 9767.0, 9767.0, 9767.0, 9767.0, 9767.0, 9767.0, 9767.0, 9767.0, 9767.0, 9767.0, 9767.0, 9767.0, 9767.0, 9767.0, 9767.0, 9767.0, 9767.0, 9767.0, 9767.0, 9767.0, 9767.0, 9767.0, 9767.0, 9767.0, 9767.0, 9767.0, 9767.0, 9767.0, 9767.0, 9767.0, 9767.0, 9767.0, 9767.0, 9767.0, 9767.0, 9767.0, 9767.0, 9767.0, 9767.0, 9767.0, 9767.0, 9767.0, 9767.0, 9767.0, 9767.0, 9767.0, 9767.0, 9767.0, 9767.0, 9767.0, 9767.0, 9767.0, 9767.0, 9767.0, 9767.0, 9767.0, 9767.0, 9767.0, 9767.0, 9767.0]
Population Size: 500, Crossover %: 0.9, Mutation %: 0.01, Number of Elites: 3
whole score log: [9271.0, 9750.0, 9753.0, 9753.0, 9753.0, 9753.0, 9755.0, 9757.0, 9757.0, 9757.0, 9757.0, 9759.0, 9759.0, 9759.0, 9759.0, 9759.0, 9759.0, 9759.0, 9759.0, 9759.0, 9759.0, 9759.0, 9759.0, 9759.0, 9759.0, 9759.0, 9759.0, 9759.0, 9759.0, 9759.0, 9759.0, 9759.0, 9759.0, 9759.0, 9759.0, 9759.0, 9759.0, 9759.0, 9759.0, 9759.0, 9759.0, 9759.0, 9759.0, 9759.0, 9759.0, 9759.0, 9759.0, 9759.0, 9759.0, 9759.0, 9759.0, 9759.0, 9759.0, 9759.0, 9759.0, 9759.0, 9759.0, 9759.0, 9759.0, 9759.0, 9759.0, 9759.0, 9759.0, 9759.0, 9759.0, 9759.0, 9759.0, 9759.0, 9759.0, 9759.0, 9759.0, 9759.0, 9759.0, 9759.0, 9759.0, 9759.0, 9759.0, 9759.0, 9759.0, 9759.0, 9759.0, 9759.0, 9759.0, 9759.0, 9759.0, 9759.0, 9759.0, 9759.0, 9759.0, 9759.0, 9759.0, 9759.0, 9759.0, 9759.0, 9759.0, 9759.0, 9759.0, 9759.0, 9759.0, 9759.0, 9759.0]
Population Size: 500, Crossover %: 0.9, Mutation %: 0.1, Number of Elites: 3
