Optimal solution = 9147
whole score log: [2421.0, 2421.0, 3566.0, 3566.0, 3672.0, 4419.0, 4571.0, 4571.0, 5146.0, 5146.0, 5146.0, 5795.0, 5795.0, 5795.0, 5916.0, 5952.0, 5952.0, 5952.0, 5952.0, 5952.0, 6115.0, 6115.0, 6432.0, 6459.0, 6459.0, 6476.0, 6516.0, 6516.0, 7203.0, 7203.0, 7203.0, 7447.0, 7447.0, 7447.0, 7487.0, 7565.0, 8265.0, 8265.0, 8686.0, 8686.0, 8686.0, 8686.0, 8686.0, 8686.0, 8745.0, 8745.0, 8745.0, 8745.0, 8745.0, 8745.0, 8745.0, 8745.0, 8745.0, 8745.0, 8745.0, 8929.0, 8929.0, 8929.0, 8929.0, 8929.0, 8929.0, 8929.0, 8929.0, 8929.0, 8929.0, 8929.0, 8929.0, 8929.0, 8929.0, 8929.0, 8929.0, 8929.0, 8929.0, 8929.0, 8929.0, 8929.0, 8929.0, 8929.0, 8929.0, 8929.0, 8929.0, 8929.0, 8929.0, 8929.0, 8929.0, 8929.0, 8929.0, 8929.0, 8929.0, 8929.0, 8929.0, 8929.0, 8929.0, 8929.0, 8929.0, 8929.0, 8929.0, 8929.0, 8929.0, 8929.0, 8929.0]
Population Size: 50, Crossover %: 0.5, Mutation %: 0.01, Number of Elites: 3
whole score log: [2515.0, 2515.0, 2515.0, 2515.0, 2515.0, 2515.0, 2515.0, 2515.0, 2515.0, 2515.0, 2515.0, 2515.0, 2515.0, 2515.0, 2515.0, 2515.0, 2515.0, 2515.0, 2515.0, 2515.0, 2515.0, 2515.0, 2515.0, 2515.0, 2515.0, 2515.0, 2515.0, 2515.0, 2515.0, 2515.0, 2515.0, 2515.0, 2515.0, 2515.0, 2515.0, 2515.0, 2515.0, 2515.0, 2515.0, 2515.0, 2515.0, 2515.0, 2515.0, 2515.0, 2515.0, 2515.0, 2515.0, 2515.0, 2515.0, 2515.0, 2515.0, 2515.0, 2515.0, 2515.0, 2515.0, 2515.0, 2515.0, 2515.0, 2515.0, 2515.0, 2515.0, 2515.0, 2515.0, 2515.0, 2515.0, 2515.0, 2515.0, 2515.0, 2515.0, 2515.0, 2515.0, 2515.0, 2515.0, 2515.0, 2515.0, 2515.0, 2515.0, 2515.0, 2515.0, 2515.0, 2515.0, 2515.0, 2515.0, 2515.0, 2515.0, 2515.0, 2515.0, 2515.0, 2515.0, 2515.0, 2515.0, 2515.0, 2515.0, 2515.0, 2515.0, 2515.0, 2515.0, 2515.0, 2515.0, 2515.0, 2515.0]
Population Size: 50, Crossover %: 0.5, Mutation %: 0.1, Number of Elites: 3
whole score log: [2515.0, 2956.0, 2956.0, 3937.0, 3937.0, 3937.0, 3937.0, 4746.0, 4746.0, 4746.0, 5268.0, 5268.0, 5268.0, 5268.0, 5563.0, 5590.0, 5710.0, 6069.0, 6592.0, 6592.0, 6592.0, 6592.0, 6592.0, 6592.0, 7167.0, 7167.0, 7167.0, 7167.0, 7167.0, 7808.0, 7808.0, 8180.0, 8209.0, 8209.0, 8209.0, 8209.0, 8209.0, 8209.0, 8209.0, 8209.0, 8209.0, 8209.0, 8209.0, 8209.0, 8209.0, 8209.0, 8209.0, 8209.0, 8416.0, 8416.0, 8416.0, 8416.0, 8416.0, 8416.0, 8416.0, 8416.0, 8416.0, 8416.0, 8416.0, 8416.0, 8416.0, 8533.0, 8990.0, 8990.0, 8990.0, 8990.0, 8990.0, 8990.0, 8990.0, 8990.0, 8990.0, 8990.0, 8990.0, 8990.0, 8990.0, 8990.0, 8990.0, 8990.0, 8990.0, 8990.0, 8990.0, 8990.0, 8990.0, 8990.0, 8990.0, 8990.0, 8990.0, 8990.0, 8990.0, 8990.0, 8990.0, 8990.0, 8990.0, 8990.0, 8990.0, 8990.0, 8990.0, 8990.0, 8990.0, 8990.0, 8990.0]
Population Size: 50, Crossover %: 0.9, Mutation %: 0.01, Number of Elites: 3
whole score log: [2515.0, 2515.0, 2515.0, 2515.0, 2515.0, 2515.0, 2515.0, 2515.0, 2515.0, 2515.0, 2515.0, 2515.0, 2515.0, 2515.0, 2515.0, 2515.0, 2515.0, 2515.0, 2515.0, 2515.0, 2515.0, 2515.0, 2515.0, 2515.0, 2515.0, 2515.0, 2515.0, 2515.0, 2515.0, 2515.0, 2515.0, 2515.0, 2515.0, 2515.0, 2515.0, 2515.0, 2515.0, 2515.0, 2515.0, 2515.0, 2515.0, 2515.0, 2515.0, 2515.0, 2515.0, 3810.0, 3810.0, 3810.0, 3810.0, 3810.0, 3810.0, 3810.0, 3810.0, 3810.0, 3810.0, 3810.0, 3810.0, 3810.0, 3810.0, 3810.0, 3810.0, 3810.0, 3810.0, 3810.0, 3810.0, 3810.0, 3810.0, 3810.0, 3810.0, 3810.0, 3810.0, 3810.0, 3810.0, 3810.0, 3810.0, 3810.0, 3810.0, 3810.0, 3810.0, 3810.0, 3810.0, 3810.0, 3810.0, 3810.0, 3810.0, 3810.0, 3810.0, 3810.0, 3810.0, 3810.0, 3810.0, 3810.0, 3810.0, 3810.0, 3810.0, 3810.0, 3810.0, 3810.0, 3810.0, 3810.0, 3810.0]
Population Size: 50, Crossover %: 0.9, Mutation %: 0.1, Number of Elites: 3
whole score log: [2515.0, 3390.0, 4031.0, 4031.0, 4613.0, 4939.0, 4939.0, 5130.0, 5521.0, 5535.0, 6119.0, 6736.0, 6736.0, 6736.0, 6786.0, 6786.0, 6834.0, 7330.0, 7330.0, 7330.0, 8030.0, 8030.0, 8030.0, 8030.0, 8030.0, 8030.0, 8030.0, 8030.0, 8091.0, 8091.0, 8185.0, 8185.0, 8185.0, 8599.0, 8599.0, 8783.0, 8783.0, 8783.0, 8783.0, 8783.0, 8783.0, 8783.0, 8783.0, 8783.0, 8783.0, 8783.0, 8783.0, 8783.0, 8783.0, 8783.0, 8783.0, 8783.0, 8783.0, 8783.0, 8783.0, 8783.0, 8783.0, 8783.0, 8783.0, 8783.0, 8842.0, 8911.0, 8911.0, 8911.0, 8911.0, 8911.0, 8911.0, 8911.0, 8911.0, 8911.0, 8911.0, 8911.0, 8911.0, 8911.0, 8911.0, 8911.0, 8911.0, 8911.0, 8911.0, 8911.0, 8911.0, 8911.0, 8911.0, 8911.0, 8911.0, 8911.0, 8911.0, 8911.0, 8911.0, 8911.0, 8911.0, 8911.0, 8911.0, 8911.0, 8911.0, 8911.0, 8929.0, 8929.0, 8929.0, 8929.0, 8929.0]
Population Size: 500, Crossover %: 0.5, Mutation %: 0.01, Number of Elites: 3
whole score log: [2515.0, 2515.0, 2515.0, 2515.0, 2515.0, 2515.0, 2515.0, 2515.0, 2515.0, 2515.0, 2515.0, 2515.0, 2515.0, 2515.0, 2515.0, 2515.0, 2515.0, 2515.0, 2515.0, 2515.0, 2515.0, 2515.0, 2515.0, 2515.0, 2515.0, 2515.0, 2515.0, 2515.0, 2515.0, 2515.0, 2515.0, 2515.0, 2515.0, 2515.0, 2515.0, 2515.0, 2515.0, 2515.0, 2515.0, 2515.0, 2515.0, 2515.0, 2515.0, 2515.0, 2515.0, 2515.0, 2515.0, 2515.0, 2515.0, 2515.0, 2515.0, 2515.0, 2515.0, 2515.0, 2515.0, 2515.0, 2515.0, 2515.0, 2515.0, 2515.0, 2515.0, 2515.0, 2515.0, 2515.0, 2515.0, 2515.0, 2515.0, 2515.0, 2515.0, 2515.0, 2515.0, 2515.0, 2515.0, 2515.0, 2515.0, 2515.0, 2515.0, 2515.0, 2515.0, 2515.0, 2515.0, 2515.0, 2515.0, 2515.0, 2515.0, 2515.0, 2515.0, 2515.0, 2515.0, 2515.0, 2515.0, 2515.0, 2515.0, 2515.0, 2515.0, 2515.0, 2515.0, 2515.0, 2515.0, 2515.0, 2515.0]
Population Size: 500, Crossover %: 0.5, Mutation %: 0.1, Number of Elites: 3
whole score log: [2515.0, 3413.0, 4054.0, 4121.0, 4846.0, 4872.0, 6362.0, 6362.0, 6362.0, 6591.0, 6591.0, 6591.0, 6913.0, 6913.0, 7415.0, 7644.0, 7644.0, 7719.0, 8480.0, 8480.0, 8661.0, 8661.0, 8661.0, 8713.0, 8713.0, 8713.0, 8756.0, 8756.0, 8756.0, 8897.0, 8897.0, 8897.0, 8897.0, 8897.0, 8897.0, 8897.0, 8897.0, 8897.0, 8897.0, 8897.0, 8897.0, 8897.0, 8897.0, 8897.0, 8897.0, 8940.0, 8940.0, 8940.0, 8940.0, 8940.0, 8940.0, 8940.0, 8940.0, 8940.0, 8940.0, 8940.0, 8940.0, 8940.0, 8940.0, 8940.0, 8940.0, 8940.0, 8940.0, 8940.0, 8940.0, 8940.0, 8940.0, 8940.0, 8940.0, 8940.0, 8940.0, 8940.0, 9147.0, 9147.0, 9147.0, 9147.0, 9147.0, 9147.0, 9147.0, 9147.0, 9147.0, 9147.0, 9147.0, 9147.0, 9147.0, 9147.0, 9147.0, 9147.0, 9147.0, 9147.0, 9147.0, 9147.0, 9147.0, 9147.0, 9147.0, 9147.0, 9147.0, 9147.0, 9147.0, 9147.0, 9147.0]
Population Size: 500, Crossover %: 0.9, Mutation %: 0.01, Number of Elites: 3
whole score log: [2515.0, 2705.0, 2705.0, 2705.0, 2705.0, 2705.0, 2705.0, 2705.0, 2705.0, 2705.0, 2705.0, 2705.0, 2705.0, 2705.0, 2705.0, 2705.0, 2705.0, 2705.0, 2705.0, 2705.0, 2705.0, 2705.0, 2705.0, 2705.0, 2705.0, 2705.0, 2705.0, 2705.0, 2705.0, 2705.0, 2705.0, 2705.0, 2705.0, 2705.0, 2705.0, 2705.0, 2705.0, 2705.0, 2705.0, 2705.0, 2705.0, 2705.0, 2705.0, 2705.0, 2705.0, 2705.0, 2705.0, 2705.0, 2705.0, 2705.0, 2705.0, 2705.0, 2705.0, 2705.0, 2705.0, 2705.0, 2705.0, 2705.0, 2705.0, 2705.0, 2705.0, 2705.0, 2705.0, 2705.0, 2705.0, 2705.0, 2705.0, 2705.0, 2705.0, 2705.0, 2705.0, 2705.0, 2705.0, 2705.0, 2705.0, 2705.0, 2705.0, 2705.0, 2705.0, 2705.0, 2705.0, 2705.0, 2705.0, 2705.0, 2705.0, 2705.0, 2705.0, 2705.0, 2705.0, 2705.0, 2705.0, 2705.0, 2705.0, 2705.0, 2705.0, 2705.0, 2705.0, 2705.0, 2705.0, 2705.0, 2705.0]
Population Size: 500, Crossover %: 0.9, Mutation %: 0.1, Number of Elites: 3
