Optimal solution = 4566
whole score log: [2440.0, 2667.0, 2667.0, 2667.0, 2667.0, 2667.0, 2667.0, 2667.0, 2667.0, 2667.0, 2667.0, 2667.0, 2667.0, 2667.0, 2667.0, 2667.0, 2667.0, 2667.0, 2667.0, 2667.0, 2667.0, 2667.0, 2667.0, 2667.0, 2667.0, 2667.0, 2667.0, 2667.0, 2667.0, 2667.0, 2667.0, 2667.0, 2667.0, 2667.0, 2667.0, 2667.0, 2667.0, 2667.0, 2667.0, 2667.0, 2667.0, 2667.0, 2667.0, 2667.0, 2667.0, 2667.0, 2667.0, 2667.0, 2667.0, 2667.0, 2667.0, 2667.0, 2667.0, 2667.0, 2667.0, 2667.0, 2667.0, 2667.0, 2667.0, 2667.0, 2667.0, 2667.0, 2667.0, 2667.0, 2667.0, 2667.0, 2667.0, 2667.0, 2667.0, 2667.0, 2667.0, 2667.0, 2667.0, 2667.0, 2667.0, 2667.0, 2667.0, 2667.0, 2667.0, 2667.0, 2667.0, 2667.0, 2667.0, 2667.0, 2667.0, 2667.0, 2667.0, 2667.0, 2667.0, 2667.0, 2667.0, 2667.0, 2667.0, 2667.0, 2667.0, 2667.0, 2667.0, 2667.0, 2667.0, 2667.0, 2667.0]
Population Size: 50, Crossover %: 0.5, Mutation %: 0.01, Number of Elites: 3
whole score log: [2421.0, 2421.0, 2421.0, 2421.0, 2421.0, 2421.0, 2421.0, 2421.0, 2421.0, 2421.0, 2421.0, 2421.0, 2421.0, 2421.0, 2421.0, 2421.0, 2421.0, 2421.0, 2421.0, 2421.0, 2421.0, 2421.0, 2421.0, 2421.0, 2421.0, 2421.0, 2421.0, 2421.0, 2421.0, 2421.0, 2421.0, 2421.0, 2421.0, 2421.0, 2421.0, 2421.0, 2421.0, 2421.0, 2421.0, 2421.0, 2421.0, 2421.0, 2421.0, 2421.0, 2421.0, 2421.0, 2421.0, 2421.0, 2421.0, 2421.0, 2421.0, 2421.0, 2421.0, 2421.0, 2421.0, 2421.0, 2421.0, 2421.0, 2421.0, 2421.0, 2421.0, 2421.0, 2421.0, 2421.0, 2421.0, 2421.0, 2421.0, 2421.0, 2421.0, 2421.0, 2421.0, 2421.0, 2421.0, 2421.0, 2421.0, 2421.0, 2421.0, 2421.0, 2421.0, 2421.0, 2421.0, 2421.0, 2421.0, 2421.0, 2421.0, 2421.0, 2421.0, 2421.0, 2421.0, 2421.0, 2421.0, 2421.0, 2421.0, 2421.0, 2421.0, 2421.0, 2421.0, 2421.0, 2421.0, 2421.0, 2421.0]
Population Size: 50, Crossover %: 0.5, Mutation %: 0.1, Number of Elites: 3
whole score log: [2377.0, 2388.0, 2388.0, 2388.0, 2535.0, 2535.0, 2789.0, 2789.0, 2789.0, 2789.0, 2794.0, 2794.0, 2794.0, 2794.0, 2794.0, 2794.0, 2794.0, 2794.0, 2794.0, 2794.0, 2794.0, 2794.0, 2794.0, 2794.0, 2794.0, 2794.0, 2794.0, 2794.0, 2794.0, 2794.0, 2794.0, 2794.0, 2794.0, 2794.0, 2794.0, 2794.0, 2794.0, 2794.0, 2794.0, 2794.0, 2794.0, 2794.0, 2794.0, 2794.0, 2794.0, 2794.0, 2794.0, 2794.0, 2794.0, 2794.0, 2794.0, 2794.0, 2794.0, 2794.0, 2794.0, 2794.0, 2794.0, 2794.0, 2794.0, 2794.0, 2794.0, 2794.0, 2794.0, 2794.0, 2794.0, 2794.0, 2794.0, 2794.0, 2794.0, 2794.0, 2794.0, 2794.0, 2794.0, 2794.0, 2794.0, 2794.0, 2794.0, 2794.0, 2794.0, 2794.0, 2794.0, 2794.0, 2794.0, 2794.0, 2794.0, 2794.0, 2794.0, 2794.0, 2794.0, 2794.0, 2794.0, 2794.0, 2794.0, 2794.0, 2794.0, 2794.0, 2794.0, 2794.0, 2794.0, 2794.0, 2794.0]
Population Size: 50, Crossover %: 0.9, Mutation %: 0.01, Number of Elites: 3
whole score log: [2421.0, 2421.0, 2421.0, 2421.0, 2421.0, 2421.0, 2421.0, 2421.0, 2421.0, 2421.0, 2421.0, 2421.0, 2421.0, 2421.0, 2421.0, 2421.0, 2421.0, 2421.0, 2421.0, 2421.0, 2421.0, 2421.0, 2421.0, 2421.0, 2421.0, 2421.0, 2421.0, 2421.0, 2421.0, 2421.0, 2421.0, 2421.0, 2421.0, 2421.0, 2421.0, 2421.0, 2421.0, 2421.0, 2421.0, 2421.0, 2421.0, 2421.0, 2421.0, 2421.0, 2421.0, 2421.0, 2421.0, 2421.0, 2421.0, 2421.0, 2421.0, 2421.0, 2421.0, 2421.0, 2421.0, 2421.0, 2421.0, 2421.0, 2421.0, 2421.0, 2421.0, 2421.0, 2421.0, 2421.0, 2421.0, 2421.0, 2421.0, 2421.0, 2421.0, 2421.0, 2421.0, 2421.0, 2421.0, 2421.0, 2421.0, 2421.0, 2421.0, 2421.0, 2421.0, 2421.0, 2421.0, 2421.0, 2421.0, 2421.0, 2421.0, 2421.0, 2421.0, 2421.0, 2421.0, 2421.0, 2421.0, 2421.0, 2421.0, 2421.0, 2421.0, 2421.0, 2421.0, 2421.0, 2421.0, 2421.0, 2421.0]
Population Size: 50, Crossover %: 0.9, Mutation %: 0.1, Number of Elites: 3
whole score log: [2422.0, 2752.0, 2820.0, 2867.0, 2867.0, 2867.0, 2867.0, 2867.0, 2867.0, 2867.0, 2867.0, 2867.0, 2867.0, 2867.0, 2867.0, 2867.0, 2886.0, 2886.0, 2886.0, 2886.0, 2886.0, 2906.0, 2906.0, 2988.0, 2988.0, 2988.0, 2988.0, 3051.0, 3051.0, 3051.0, 3191.0, 3191.0, 3191.0, 3191.0, 3191.0, 3191.0, 3191.0, 3191.0, 3191.0, 3191.0, 3364.0, 3364.0, 3364.0, 3364.0, 3364.0, 3364.0, 3364.0, 3364.0, 3364.0, 3364.0, 3364.0, 3364.0, 3364.0, 3364.0, 3364.0, 3364.0, 3364.0, 3364.0, 3364.0, 3364.0, 3364.0, 3364.0, 3364.0, 3364.0, 3364.0, 3364.0, 3518.0, 3518.0, 3565.0, 3565.0, 3565.0, 3565.0, 3565.0, 3565.0, 3565.0, 3565.0, 3565.0, 3565.0, 3565.0, 3565.0, 3565.0, 3565.0, 3565.0, 3565.0, 3565.0, 3565.0, 3565.0, 3565.0, 3565.0, 3565.0, 3565.0, 3565.0, 3565.0, 3565.0, 3565.0, 3565.0, 3565.0, 3565.0, 3565.0, 3565.0, 3565.0]
Population Size: 500, Crossover %: 0.5, Mutation %: 0.01, Number of Elites: 3
whole score log: [2383.0, 2383.0, 2383.0, 2383.0, 2383.0, 2383.0, 2383.0, 2383.0, 2383.0, 2383.0, 2383.0, 2383.0, 2383.0, 2383.0, 2383.0, 2383.0, 2383.0, 2383.0, 2383.0, 2383.0, 2383.0, 2383.0, 2383.0, 2383.0, 2383.0, 2383.0, 2383.0, 2383.0, 2383.0, 2383.0, 2383.0, 2383.0, 2383.0, 2383.0, 2383.0, 2383.0, 2383.0, 2383.0, 2383.0, 2383.0, 2383.0, 2383.0, 2383.0, 2383.0, 2383.0, 2383.0, 2383.0, 2383.0, 2383.0, 2383.0, 2383.0, 2383.0, 2383.0, 2383.0, 2383.0, 2383.0, 2383.0, 2383.0, 2383.0, 2383.0, 2383.0, 2383.0, 2383.0, 2383.0, 2383.0, 2383.0, 2383.0, 2383.0, 2383.0, 2383.0, 2383.0, 2383.0, 2383.0, 2383.0, 2383.0, 2383.0, 2383.0, 2383.0, 2383.0, 2383.0, 2383.0, 2383.0, 2383.0, 2383.0, 2383.0, 2383.0, 2383.0, 2383.0, 2383.0, 2383.0, 2383.0, 2383.0, 2383.0, 2383.0, 2383.0, 2383.0, 2383.0, 2383.0, 2383.0, 2383.0, 2383.0]
Population Size: 500, Crossover %: 0.5, Mutation %: 0.1, Number of Elites: 3
whole score log: [2440.0, 2574.0, 2774.0, 2774.0, 2774.0, 2774.0, 2809.0, 2809.0, 2809.0, 2809.0, 2809.0, 2809.0, 2874.0, 2874.0, 2874.0, 2896.0, 3151.0, 3151.0, 3151.0, 3151.0, 3151.0, 3151.0, 3151.0, 3151.0, 3151.0, 3151.0, 3151.0, 3151.0, 3151.0, 3151.0, 3151.0, 3151.0, 3151.0, 3151.0, 3151.0, 3151.0, 3151.0, 3151.0, 3151.0, 3151.0, 3151.0, 3151.0, 3151.0, 3151.0, 3151.0, 3151.0, 3151.0, 3151.0, 3151.0, 3151.0, 3155.0, 3155.0, 3258.0, 3269.0, 3269.0, 3269.0, 3269.0, 3269.0, 3269.0, 3391.0, 3391.0, 3391.0, 3391.0, 3391.0, 3391.0, 3391.0, 3391.0, 3391.0, 3391.0, 3391.0, 3391.0, 3391.0, 3391.0, 3391.0, 3391.0, 3391.0, 3391.0, 3391.0, 3391.0, 3391.0, 3391.0, 3391.0, 3391.0, 3391.0, 3391.0, 3391.0, 3391.0, 3391.0, 3391.0, 3391.0, 3391.0, 3391.0, 3391.0, 3391.0, 3391.0, 3391.0, 3391.0, 3391.0, 3391.0, 3391.0, 3391.0]
Population Size: 500, Crossover %: 0.9, Mutation %: 0.01, Number of Elites: 3
whole score log: [2422.0, 2422.0, 2422.0, 2422.0, 2422.0, 2422.0, 2422.0, 2422.0, 2422.0, 2422.0, 2422.0, 2422.0, 2422.0, 2422.0, 2422.0, 2422.0, 2422.0, 2422.0, 2422.0, 2422.0, 2422.0, 2422.0, 2422.0, 2422.0, 2422.0, 2422.0, 2422.0, 2422.0, 2422.0, 2422.0, 2422.0, 2422.0, 2422.0, 2422.0, 2422.0, 2422.0, 2422.0, 2422.0, 2422.0, 2422.0, 2422.0, 2422.0, 2422.0, 2422.0, 2422.0, 2422.0, 2422.0, 2422.0, 2422.0, 2422.0, 2422.0, 2422.0, 2422.0, 2422.0, 2422.0, 2422.0, 2422.0, 2422.0, 2422.0, 2422.0, 2422.0, 2422.0, 2422.0, 2422.0, 2422.0, 2422.0, 2422.0, 2422.0, 2422.0, 2422.0, 2422.0, 2422.0, 2422.0, 2422.0, 2422.0, 2422.0, 2422.0, 2422.0, 2422.0, 2422.0, 2422.0, 2422.0, 2422.0, 2422.0, 2422.0, 2422.0, 2422.0, 2422.0, 2422.0, 2422.0, 2422.0, 2422.0, 2422.0, 2422.0, 2422.0, 2422.0, 2422.0, 2422.0, 2422.0, 2422.0, 2422.0]
Population Size: 500, Crossover %: 0.9, Mutation %: 0.1, Number of Elites: 3
