Optimal solution = 54503
whole score log: [7754.0, 7754.0, 7754.0, 7754.0, 7754.0, 7754.0, 7754.0, 7754.0, 7754.0, 7754.0, 7754.0, 7754.0, 7754.0, 7754.0, 7754.0, 7754.0, 7754.0, 7754.0, 7754.0, 7754.0, 7754.0, 7754.0, 7754.0, 7754.0, 7754.0, 7754.0, 7754.0, 7754.0, 7754.0, 7754.0, 7754.0, 7754.0, 7754.0, 7754.0, 7754.0, 7754.0, 7754.0, 7754.0, 7754.0, 7754.0, 7754.0, 7754.0, 7754.0, 7754.0, 7754.0, 7754.0, 7754.0, 7754.0, 7754.0, 7754.0, 7754.0, 7754.0, 7754.0, 7754.0, 7754.0, 7754.0, 7754.0, 7754.0, 7754.0, 7754.0, 7754.0, 7754.0, 7754.0, 7754.0, 7754.0, 7754.0, 7754.0, 7754.0, 7754.0, 7754.0, 7754.0, 7754.0, 7754.0, 7754.0, 7754.0, 7754.0, 7754.0, 7754.0, 7754.0, 7754.0, 7754.0, 7754.0, 7754.0, 7754.0, 7754.0, 7754.0, 7754.0, 7754.0, 7754.0, 7754.0, 7754.0, 7754.0, 7754.0, 7754.0, 7754.0, 7754.0, 7754.0, 7754.0, 7754.0, 7754.0, 7754.0]
Population Size: 50, Crossover %: 0.5, Mutation %: 0.01, Number of Elites: 3
whole score log: [6914.0, 6914.0, 6914.0, 6914.0, 6914.0, 6914.0, 6914.0, 6914.0, 6914.0, 6914.0, 6914.0, 6914.0, 6914.0, 6914.0, 6914.0, 6914.0, 6914.0, 6914.0, 6914.0, 6914.0, 6914.0, 6914.0, 6914.0, 6914.0, 6914.0, 6914.0, 6914.0, 6914.0, 6914.0, 6914.0, 6914.0, 6914.0, 6914.0, 6914.0, 6914.0, 6914.0, 6914.0, 6914.0, 6914.0, 6914.0, 6914.0, 6914.0, 6914.0, 6914.0, 6914.0, 6914.0, 6914.0, 6914.0, 6914.0, 6914.0, 6914.0, 6914.0, 6914.0, 6914.0, 6914.0, 6914.0, 6914.0, 6914.0, 6914.0, 6914.0, 6914.0, 6914.0, 6914.0, 6914.0, 6914.0, 6914.0, 6914.0, 6914.0, 6914.0, 6914.0, 6914.0, 6914.0, 6914.0, 6914.0, 6914.0, 6914.0, 6914.0, 6914.0, 6914.0, 6914.0, 6914.0, 6914.0, 6914.0, 6914.0, 6914.0, 6914.0, 6914.0, 6914.0, 6914.0, 6914.0, 6914.0, 6914.0, 6914.0, 6914.0, 6914.0, 6914.0, 6914.0, 6914.0, 6914.0, 6914.0, 6914.0]
Population Size: 50, Crossover %: 0.5, Mutation %: 0.1, Number of Elites: 3
whole score log: [7653.0, 9044.0, 11000.0, 11000.0, 11000.0, 11000.0, 11000.0, 11000.0, 11000.0, 11000.0, 11000.0, 11000.0, 11000.0, 11000.0, 11000.0, 11000.0, 11000.0, 11000.0, 11000.0, 11000.0, 11000.0, 11000.0, 11000.0, 11000.0, 11000.0, 11000.0, 11000.0, 11000.0, 11000.0, 11000.0, 11000.0, 11000.0, 11000.0, 11000.0, 11000.0, 11000.0, 11000.0, 11000.0, 11000.0, 11000.0, 11000.0, 11000.0, 11000.0, 11000.0, 11000.0, 11000.0, 11000.0, 11000.0, 11000.0, 11000.0, 11000.0, 11000.0, 11000.0, 11000.0, 11000.0, 11000.0, 11000.0, 11000.0, 11000.0, 11000.0, 11000.0, 11000.0, 11000.0, 11000.0, 11000.0, 11000.0, 11000.0, 11000.0, 11000.0, 11000.0, 11000.0, 11000.0, 11000.0, 11000.0, 11000.0, 11000.0, 11000.0, 11000.0, 11000.0, 11000.0, 11000.0, 11000.0, 11000.0, 11000.0, 11000.0, 11000.0, 11000.0, 11000.0, 11000.0, 11000.0, 11000.0, 11000.0, 11000.0, 11000.0, 11000.0, 11000.0, 11000.0, 11000.0, 11000.0, 11000.0, 11000.0]
Population Size: 50, Crossover %: 0.9, Mutation %: 0.01, Number of Elites: 3
whole score log: [9115.0, 9115.0, 9115.0, 9115.0, 9115.0, 9115.0, 9115.0, 9115.0, 9115.0, 9115.0, 9115.0, 9115.0, 9115.0, 9115.0, 9115.0, 9115.0, 9115.0, 9115.0, 9115.0, 9115.0, 9115.0, 9115.0, 9115.0, 9115.0, 9115.0, 9115.0, 9115.0, 9115.0, 9115.0, 9115.0, 9115.0, 9115.0, 9115.0, 9115.0, 9115.0, 9115.0, 9115.0, 9115.0, 9115.0, 9115.0, 9115.0, 9115.0, 9115.0, 9115.0, 9115.0, 9115.0, 9115.0, 9115.0, 9115.0, 9115.0, 9115.0, 9115.0, 9115.0, 9115.0, 9115.0, 9115.0, 9115.0, 9115.0, 9115.0, 9115.0, 9115.0, 9115.0, 9115.0, 9115.0, 9115.0, 9115.0, 9115.0, 9115.0, 9115.0, 9115.0, 9115.0, 9115.0, 9115.0, 9115.0, 9115.0, 9115.0, 9115.0, 9115.0, 9115.0, 9115.0, 9115.0, 9115.0, 9115.0, 9115.0, 9115.0, 9115.0, 9115.0, 9115.0, 9115.0, 9115.0, 9115.0, 9115.0, 9115.0, 9115.0, 9115.0, 9115.0, 9115.0, 9115.0, 9115.0, 9115.0, 9115.0]
Population Size: 50, Crossover %: 0.9, Mutation %: 0.1, Number of Elites: 3
whole score log: [7799.0, 10173.0, 11038.0, 11038.0, 11038.0, 11038.0, 11038.0, 11038.0, 11038.0, 11038.0, 11038.0, 11038.0, 11038.0, 11038.0, 11038.0, 11038.0, 11038.0, 11038.0, 11038.0, 11038.0, 11038.0, 11038.0, 11038.0, 11038.0, 11038.0, 11038.0, 11038.0, 11038.0, 11038.0, 11038.0, 11038.0, 11038.0, 11038.0, 11038.0, 11038.0, 11038.0, 11038.0, 11038.0, 11038.0, 11038.0, 11038.0, 11038.0, 11038.0, 11038.0, 11038.0, 11038.0, 11038.0, 11038.0, 11038.0, 11038.0, 11038.0, 11038.0, 11038.0, 11038.0, 11038.0, 11038.0, 11038.0, 11038.0, 11038.0, 11038.0, 11038.0, 11038.0, 11038.0, 11038.0, 11038.0, 11038.0, 11038.0, 11038.0, 11038.0, 11038.0, 11038.0, 11038.0, 11038.0, 11038.0, 11038.0, 11038.0, 11038.0, 11038.0, 11038.0, 11038.0, 11038.0, 11038.0, 11038.0, 11038.0, 11038.0, 11038.0, 11038.0, 11038.0, 11038.0, 11038.0, 11038.0, 11038.0, 11038.0, 11038.0, 11038.0, 11038.0, 11038.0, 11038.0, 11038.0, 11038.0, 11038.0]
Population Size: 500, Crossover %: 0.5, Mutation %: 0.01, Number of Elites: 3
whole score log: [8138.0, 8138.0, 8138.0, 8138.0, 8138.0, 8138.0, 8138.0, 8138.0, 8138.0, 8138.0, 8138.0, 8138.0, 8138.0, 8138.0, 8138.0, 8138.0, 8138.0, 8138.0, 8138.0, 8138.0, 8138.0, 8138.0, 8138.0, 8138.0, 8138.0, 8138.0, 8138.0, 8138.0, 8138.0, 8138.0, 8138.0, 8138.0, 8138.0, 8138.0, 8138.0, 8138.0, 8138.0, 8138.0, 8138.0, 8138.0, 8138.0, 8138.0, 8138.0, 8138.0, 8138.0, 8138.0, 8138.0, 8138.0, 8138.0, 8138.0, 8138.0, 8138.0, 8138.0, 8138.0, 8138.0, 8138.0, 8138.0, 8138.0, 8138.0, 8138.0, 8138.0, 8138.0, 8138.0, 8138.0, 8138.0, 8138.0, 8138.0, 8138.0, 8138.0, 8138.0, 8138.0, 8138.0, 8138.0, 8138.0, 8138.0, 8138.0, 8138.0, 8138.0, 8138.0, 8138.0, 8138.0, 8138.0, 8138.0, 8138.0, 8138.0, 8138.0, 8138.0, 8138.0, 8138.0, 8138.0, 8138.0, 8138.0, 8138.0, 8138.0, 8138.0, 8138.0, 8138.0, 8138.0, 8138.0, 8138.0, 8138.0]
Population Size: 500, Crossover %: 0.5, Mutation %: 0.1, Number of Elites: 3
whole score log: [7926.0, 11939.0, 11939.0, 11939.0, 11939.0, 11939.0, 11939.0, 11939.0, 11939.0, 11939.0, 11939.0, 11939.0, 11939.0, 11939.0, 11939.0, 11939.0, 11939.0, 11939.0, 11939.0, 11939.0, 11939.0, 11939.0, 11939.0, 11939.0, 11939.0, 11939.0, 11939.0, 11939.0, 11939.0, 11939.0, 11939.0, 11939.0, 11939.0, 11939.0, 11939.0, 11939.0, 11939.0, 11939.0, 11939.0, 11939.0, 11939.0, 11939.0, 11939.0, 11939.0, 11939.0, 11939.0, 11939.0, 11939.0, 11939.0, 11939.0, 11939.0, 11939.0, 11939.0, 11939.0, 11939.0, 11939.0, 11939.0, 11939.0, 11939.0, 11939.0, 11939.0, 11939.0, 11939.0, 11939.0, 11939.0, 11939.0, 11939.0, 11939.0, 11939.0, 11939.0, 11939.0, 11939.0, 11939.0, 11939.0, 11939.0, 11939.0, 11939.0, 11939.0, 11939.0, 11939.0, 11939.0, 11939.0, 11939.0, 11939.0, 11939.0, 11939.0, 11939.0, 11939.0, 11939.0, 11939.0, 11939.0, 11939.0, 11939.0, 11939.0, 11939.0, 11939.0, 11939.0, 11939.0, 11939.0, 11939.0, 11939.0]
Population Size: 500, Crossover %: 0.9, Mutation %: 0.01, Number of Elites: 3
whole score log: [8330.0, 8330.0, 8330.0, 8330.0, 8330.0, 8330.0, 8330.0, 8330.0, 8330.0, 8330.0, 8330.0, 8330.0, 8330.0, 8330.0, 8330.0, 8330.0, 8330.0, 8330.0, 8330.0, 8330.0, 8330.0, 8330.0, 8330.0, 8330.0, 8330.0, 8330.0, 8330.0, 8330.0, 8330.0, 8330.0, 8330.0, 8330.0, 8330.0, 8330.0, 8330.0, 8330.0, 8330.0, 8330.0, 8330.0, 8330.0, 8330.0, 8330.0, 8330.0, 8330.0, 8330.0, 8330.0, 8330.0, 8330.0, 8330.0, 8330.0, 8330.0, 8330.0, 8330.0, 8330.0, 8330.0, 8330.0, 8330.0, 8330.0, 8330.0, 8330.0, 8330.0, 8330.0, 8330.0, 8330.0, 8330.0, 8330.0, 8330.0, 8330.0, 8330.0, 8330.0, 8330.0, 8330.0, 8330.0, 8330.0, 8330.0, 8330.0, 8330.0, 8330.0, 8330.0, 8330.0, 8330.0, 8330.0, 8330.0, 8330.0, 8330.0, 8330.0, 8330.0, 8330.0, 8330.0, 8330.0, 8330.0, 8330.0, 8330.0, 8330.0, 8330.0, 8330.0, 8330.0, 8330.0, 8330.0, 8330.0, 8330.0]
Population Size: 500, Crossover %: 0.9, Mutation %: 0.1, Number of Elites: 3
