Optimal solution = 28857
whole score log: [6777.0, 6911.0, 6911.0, 6911.0, 6911.0, 6911.0, 6911.0, 6911.0, 6911.0, 6911.0, 6911.0, 6911.0, 6911.0, 6911.0, 6911.0, 6911.0, 6911.0, 6911.0, 6911.0, 6911.0, 6911.0, 6911.0, 8516.0, 8636.0, 9091.0, 9091.0, 9091.0, 9091.0, 9091.0, 9091.0, 9091.0, 9091.0, 9091.0, 9091.0, 9091.0, 9091.0, 9091.0, 9091.0, 9091.0, 9091.0, 9091.0, 9091.0, 9091.0, 9091.0, 9091.0, 9091.0, 9091.0, 9091.0, 9091.0, 9091.0, 9091.0, 9091.0, 9091.0, 9091.0, 9091.0, 9091.0, 9091.0, 9091.0, 9091.0, 9091.0, 9091.0, 9091.0, 9091.0, 9091.0, 9091.0, 9091.0, 9091.0, 9091.0, 9091.0, 9091.0, 9091.0, 9091.0, 9091.0, 9091.0, 9091.0, 9091.0, 9091.0, 9091.0, 9091.0, 9091.0, 9091.0, 9091.0, 9091.0, 9091.0, 9091.0, 9091.0, 9091.0, 9091.0, 9091.0, 9091.0, 9091.0, 9091.0, 9091.0, 9091.0, 9091.0, 9091.0, 9091.0, 9091.0, 9091.0, 9091.0, 9091.0]
Population Size: 50, Crossover %: 0.5, Mutation %: 0.01, Number of Elites: 3
whole score log: [7514.0, 7514.0, 7514.0, 7514.0, 7514.0, 7514.0, 7514.0, 7514.0, 7514.0, 7514.0, 7514.0, 7514.0, 7514.0, 7514.0, 7514.0, 7514.0, 7514.0, 7514.0, 7514.0, 7514.0, 7514.0, 7514.0, 7514.0, 7514.0, 7514.0, 7514.0, 7514.0, 7514.0, 7514.0, 7514.0, 7514.0, 7514.0, 7514.0, 7514.0, 7514.0, 7514.0, 7514.0, 7514.0, 7514.0, 7514.0, 7514.0, 7514.0, 7514.0, 7514.0, 7514.0, 7514.0, 7514.0, 7514.0, 7514.0, 7514.0, 7514.0, 7514.0, 7514.0, 7514.0, 7514.0, 7514.0, 7514.0, 7514.0, 7514.0, 7514.0, 7514.0, 7514.0, 7514.0, 7514.0, 7514.0, 7514.0, 7514.0, 7514.0, 7514.0, 7514.0, 7514.0, 7514.0, 7514.0, 7514.0, 7514.0, 7514.0, 7514.0, 7514.0, 7514.0, 7514.0, 7514.0, 7514.0, 7514.0, 7514.0, 7514.0, 7514.0, 7514.0, 7514.0, 7514.0, 7514.0, 7514.0, 7514.0, 7514.0, 7514.0, 7514.0, 7514.0, 7514.0, 7514.0, 7514.0, 7514.0, 7514.0]
Population Size: 50, Crossover %: 0.5, Mutation %: 0.1, Number of Elites: 3
whole score log: [6346.0, 7218.0, 7233.0, 7327.0, 7327.0, 7327.0, 7327.0, 7327.0, 7327.0, 7327.0, 7327.0, 7327.0, 7327.0, 7327.0, 7327.0, 7327.0, 7327.0, 7327.0, 7327.0, 7327.0, 7327.0, 7327.0, 7327.0, 7327.0, 7327.0, 7327.0, 7327.0, 7327.0, 7327.0, 7327.0, 7327.0, 7327.0, 7327.0, 7327.0, 7327.0, 7327.0, 7327.0, 7327.0, 7327.0, 7327.0, 7327.0, 7327.0, 7327.0, 7327.0, 7327.0, 7327.0, 7327.0, 7327.0, 7327.0, 7327.0, 7327.0, 7327.0, 7327.0, 7327.0, 7327.0, 7327.0, 7327.0, 7327.0, 7327.0, 7327.0, 7327.0, 7327.0, 7327.0, 7327.0, 7327.0, 7327.0, 7327.0, 7327.0, 7327.0, 7327.0, 7327.0, 7327.0, 7327.0, 7327.0, 7327.0, 7327.0, 7327.0, 7327.0, 7327.0, 7327.0, 7327.0, 7327.0, 7327.0, 7327.0, 7327.0, 7327.0, 7327.0, 7327.0, 7327.0, 7327.0, 7327.0, 7327.0, 7327.0, 7327.0, 7327.0, 7327.0, 7327.0, 7327.0, 7327.0, 7327.0, 7327.0]
Population Size: 50, Crossover %: 0.9, Mutation %: 0.01, Number of Elites: 3
whole score log: [6396.0, 6396.0, 6396.0, 6396.0, 6396.0, 6396.0, 6396.0, 6396.0, 6396.0, 6396.0, 6396.0, 6396.0, 6396.0, 6396.0, 6396.0, 6396.0, 6396.0, 6396.0, 6396.0, 6396.0, 6396.0, 6396.0, 6396.0, 6396.0, 6396.0, 6396.0, 6396.0, 6396.0, 6396.0, 6396.0, 6396.0, 6396.0, 6396.0, 6396.0, 6396.0, 6396.0, 6396.0, 6396.0, 6396.0, 6396.0, 6396.0, 6396.0, 6396.0, 6396.0, 6396.0, 6396.0, 6396.0, 6396.0, 6396.0, 6396.0, 6396.0, 6396.0, 6396.0, 6396.0, 6396.0, 6396.0, 6396.0, 6396.0, 6396.0, 6396.0, 6396.0, 6396.0, 6396.0, 6396.0, 6396.0, 6396.0, 6396.0, 6396.0, 6396.0, 6396.0, 6396.0, 6396.0, 6396.0, 6396.0, 6396.0, 6396.0, 6396.0, 6396.0, 6396.0, 6396.0, 6396.0, 6396.0, 6396.0, 6396.0, 6396.0, 6396.0, 6396.0, 6396.0, 6396.0, 6396.0, 6396.0, 6396.0, 6396.0, 6396.0, 6396.0, 6396.0, 6396.0, 6396.0, 6396.0, 6396.0, 6396.0]
Population Size: 50, Crossover %: 0.9, Mutation %: 0.1, Number of Elites: 3
whole score log: [7236.0, 7727.0, 7727.0, 8351.0, 9256.0, 9774.0, 9774.0, 10745.0, 10745.0, 11044.0, 11044.0, 11661.0, 11661.0, 12058.0, 13050.0, 13050.0, 14380.0, 14380.0, 14380.0, 14380.0, 14380.0, 15124.0, 15124.0, 15124.0, 15124.0, 15124.0, 15124.0, 15124.0, 15124.0, 15124.0, 15124.0, 15124.0, 15124.0, 15124.0, 15124.0, 15124.0, 15124.0, 15124.0, 15124.0, 15124.0, 15124.0, 15567.0, 15567.0, 15567.0, 15567.0, 15567.0, 16237.0, 16237.0, 16237.0, 16237.0, 16237.0, 16237.0, 16237.0, 16237.0, 16237.0, 16237.0, 16237.0, 16237.0, 16237.0, 16237.0, 16237.0, 16237.0, 16237.0, 16237.0, 16237.0, 16237.0, 16237.0, 16237.0, 16237.0, 16237.0, 16237.0, 16237.0, 16237.0, 16237.0, 16237.0, 16709.0, 16709.0, 16709.0, 16709.0, 16709.0, 16709.0, 16709.0, 16709.0, 16709.0, 16709.0, 16709.0, 16709.0, 16709.0, 16709.0, 16709.0, 16709.0, 16709.0, 16709.0, 16709.0, 16709.0, 16709.0, 16709.0, 16709.0, 16709.0, 16709.0, 16709.0]
Population Size: 500, Crossover %: 0.5, Mutation %: 0.01, Number of Elites: 3
whole score log: [7244.0, 7244.0, 7244.0, 7244.0, 7244.0, 7244.0, 7244.0, 7244.0, 7244.0, 7244.0, 7244.0, 7244.0, 7244.0, 7244.0, 7244.0, 7244.0, 7244.0, 7244.0, 7244.0, 7244.0, 7244.0, 7244.0, 7244.0, 7244.0, 7244.0, 7244.0, 7244.0, 7244.0, 7244.0, 7244.0, 7244.0, 7244.0, 7244.0, 7244.0, 7244.0, 7244.0, 7244.0, 7244.0, 7244.0, 7244.0, 7244.0, 7244.0, 7244.0, 7244.0, 7244.0, 7244.0, 7244.0, 7244.0, 7244.0, 7244.0, 7244.0, 7244.0, 7244.0, 7244.0, 7244.0, 7244.0, 7244.0, 7244.0, 7244.0, 7244.0, 7244.0, 7244.0, 7244.0, 7244.0, 7244.0, 7244.0, 7244.0, 7244.0, 7244.0, 7244.0, 7244.0, 7244.0, 7244.0, 7244.0, 7244.0, 7244.0, 7244.0, 7244.0, 7244.0, 7244.0, 7244.0, 7244.0, 7244.0, 7244.0, 7244.0, 7244.0, 7244.0, 7244.0, 7244.0, 7244.0, 7244.0, 7244.0, 7244.0, 7244.0, 7244.0, 7244.0, 7244.0, 7244.0, 7244.0, 7244.0, 7244.0]
Population Size: 500, Crossover %: 0.5, Mutation %: 0.1, Number of Elites: 3
whole score log: [7514.0, 7514.0, 8655.0, 9807.0, 9807.0, 9807.0, 9807.0, 10417.0, 10417.0, 10904.0, 10904.0, 11431.0, 11431.0, 12011.0, 12011.0, 12011.0, 12011.0, 12011.0, 12224.0, 12567.0, 12567.0, 12567.0, 12567.0, 12567.0, 12567.0, 12999.0, 12999.0, 12999.0, 12999.0, 12999.0, 12999.0, 12999.0, 12999.0, 13010.0, 13010.0, 13010.0, 14236.0, 14236.0, 14236.0, 14236.0, 14236.0, 14236.0, 14236.0, 14236.0, 14371.0, 14371.0, 14371.0, 14371.0, 14371.0, 14371.0, 14371.0, 14371.0, 14440.0, 14440.0, 14440.0, 14440.0, 14440.0, 14523.0, 14523.0, 15711.0, 15711.0, 15711.0, 15711.0, 15711.0, 15711.0, 15711.0, 15788.0, 15788.0, 15788.0, 15788.0, 15788.0, 15788.0, 15788.0, 15788.0, 15788.0, 15788.0, 15788.0, 15788.0, 15788.0, 15788.0, 15788.0, 15788.0, 16133.0, 16133.0, 16133.0, 17220.0, 17220.0, 17220.0, 17220.0, 17722.0, 17722.0, 18470.0, 18470.0, 18470.0, 18842.0, 18842.0, 18842.0, 18842.0, 18842.0, 18842.0, 18842.0]
Population Size: 500, Crossover %: 0.9, Mutation %: 0.01, Number of Elites: 3
whole score log: [6687.0, 6687.0, 6687.0, 6687.0, 6687.0, 6687.0, 6687.0, 6687.0, 6687.0, 6687.0, 6687.0, 6687.0, 6687.0, 6687.0, 6687.0, 6687.0, 6687.0, 6687.0, 6687.0, 6687.0, 6687.0, 6687.0, 6687.0, 6687.0, 6687.0, 6687.0, 6687.0, 6687.0, 6687.0, 6687.0, 6687.0, 6687.0, 6687.0, 6687.0, 6687.0, 6687.0, 6687.0, 6687.0, 6687.0, 6687.0, 6687.0, 6687.0, 6687.0, 6687.0, 6687.0, 6687.0, 6687.0, 6687.0, 6687.0, 6687.0, 6687.0, 6687.0, 6687.0, 6687.0, 6687.0, 6687.0, 6687.0, 6687.0, 6687.0, 6687.0, 6687.0, 6687.0, 6687.0, 6687.0, 6687.0, 6687.0, 6687.0, 6687.0, 6687.0, 6687.0, 6687.0, 6687.0, 6687.0, 6687.0, 6687.0, 6687.0, 6687.0, 6687.0, 6687.0, 6687.0, 6687.0, 6687.0, 6687.0, 6687.0, 6687.0, 6687.0, 6687.0, 6687.0, 6687.0, 6687.0, 6687.0, 6687.0, 6687.0, 6687.0, 6687.0, 6687.0, 6687.0, 6687.0, 6687.0, 6687.0, 6687.0]
Population Size: 500, Crossover %: 0.9, Mutation %: 0.1, Number of Elites: 3
