Optimal solution = 563647
whole score log: [34886.0, 34886.0, 34886.0, 34886.0, 34886.0, 34886.0, 34886.0, 34886.0, 34886.0, 34886.0, 34886.0, 34886.0, 34886.0, 34886.0, 34886.0, 34886.0, 34886.0, 34886.0, 34886.0, 34886.0, 34886.0, 34886.0, 34886.0, 34886.0, 34886.0, 34886.0, 34886.0, 34886.0, 34886.0, 34886.0, 34886.0, 34886.0, 34886.0, 34886.0, 34886.0, 34886.0, 34886.0, 34886.0, 34886.0, 34886.0, 34886.0, 34886.0, 34886.0, 34886.0, 34886.0, 34886.0, 34886.0, 34886.0, 34886.0, 34886.0, 34886.0, 34886.0, 34886.0, 34886.0, 34886.0, 34886.0, 34886.0, 34886.0, 34886.0, 34886.0, 34886.0, 34886.0, 34886.0, 34886.0, 34886.0, 34886.0, 34886.0, 34886.0, 34886.0, 34886.0, 34886.0, 34886.0, 34886.0, 34886.0, 34886.0, 34886.0, 34886.0, 34886.0, 34886.0, 34886.0, 34886.0, 34886.0, 34886.0, 34886.0, 34886.0, 34886.0, 34886.0, 34886.0, 34886.0, 34886.0, 34886.0, 34886.0, 34886.0, 34886.0, 34886.0, 34886.0, 34886.0, 34886.0, 34886.0, 34886.0, 34886.0]
Population Size: 50, Crossover %: 0.5, Mutation %: 0.01, Number of Elites: 3
whole score log: [33004.0, 33004.0, 33004.0, 33004.0, 33004.0, 33004.0, 33004.0, 33004.0, 33004.0, 33004.0, 33004.0, 33004.0, 33004.0, 33004.0, 33004.0, 33004.0, 33004.0, 33004.0, 33004.0, 33004.0, 33004.0, 33004.0, 33004.0, 33004.0, 33004.0, 33004.0, 33004.0, 33004.0, 33004.0, 33004.0, 33004.0, 33004.0, 33004.0, 33004.0, 33004.0, 33004.0, 33004.0, 33004.0, 33004.0, 33004.0, 33004.0, 33004.0, 33004.0, 33004.0, 33004.0, 33004.0, 33004.0, 33004.0, 33004.0, 33004.0, 33004.0, 33004.0, 33004.0, 33004.0, 33004.0, 33004.0, 33004.0, 33004.0, 33004.0, 33004.0, 33004.0, 33004.0, 33004.0, 33004.0, 33004.0, 33004.0, 33004.0, 33004.0, 33004.0, 33004.0, 33004.0, 33004.0, 33004.0, 33004.0, 33004.0, 33004.0, 33004.0, 33004.0, 33004.0, 33004.0, 33004.0, 33004.0, 33004.0, 33004.0, 33004.0, 33004.0, 33004.0, 33004.0, 33004.0, 33004.0, 33004.0, 33004.0, 33004.0, 33004.0, 33004.0, 33004.0, 33004.0, 33004.0, 33004.0, 33004.0, 33004.0]
Population Size: 50, Crossover %: 0.5, Mutation %: 0.1, Number of Elites: 3
whole score log: [33119.0, 33119.0, 33119.0, 33119.0, 33119.0, 33119.0, 33119.0, 33119.0, 33119.0, 33119.0, 33119.0, 33119.0, 33119.0, 33119.0, 33119.0, 33119.0, 33119.0, 33119.0, 33119.0, 33119.0, 33119.0, 33119.0, 33119.0, 33119.0, 33119.0, 33119.0, 33119.0, 33119.0, 33119.0, 33119.0, 33119.0, 33119.0, 33119.0, 33119.0, 33119.0, 33119.0, 33119.0, 33119.0, 33119.0, 33119.0, 33119.0, 33119.0, 33119.0, 33119.0, 33119.0, 33119.0, 33119.0, 33119.0, 33119.0, 33119.0, 33119.0, 33119.0, 33119.0, 33119.0, 33119.0, 33119.0, 33119.0, 33119.0, 33119.0, 33119.0, 33119.0, 33119.0, 33119.0, 33119.0, 33119.0, 33119.0, 33119.0, 33119.0, 33119.0, 33119.0, 33119.0, 33119.0, 33119.0, 33119.0, 33119.0, 33119.0, 33119.0, 33119.0, 33119.0, 33119.0, 33119.0, 33119.0, 33119.0, 33119.0, 33119.0, 33119.0, 33119.0, 33119.0, 33119.0, 33119.0, 33119.0, 33119.0, 33119.0, 33119.0, 33119.0, 33119.0, 33119.0, 33119.0, 33119.0, 33119.0, 33119.0]
Population Size: 50, Crossover %: 0.9, Mutation %: 0.01, Number of Elites: 3
whole score log: [33529.0, 33529.0, 33529.0, 33529.0, 33529.0, 33529.0, 33529.0, 33529.0, 33529.0, 33529.0, 33529.0, 33529.0, 33529.0, 33529.0, 33529.0, 33529.0, 33529.0, 33529.0, 33529.0, 33529.0, 33529.0, 33529.0, 33529.0, 33529.0, 33529.0, 33529.0, 33529.0, 33529.0, 33529.0, 33529.0, 33529.0, 33529.0, 33529.0, 33529.0, 33529.0, 33529.0, 33529.0, 33529.0, 33529.0, 33529.0, 33529.0, 33529.0, 33529.0, 33529.0, 33529.0, 33529.0, 33529.0, 33529.0, 33529.0, 33529.0, 33529.0, 33529.0, 33529.0, 33529.0, 33529.0, 33529.0, 33529.0, 33529.0, 33529.0, 33529.0, 33529.0, 33529.0, 33529.0, 33529.0, 33529.0, 33529.0, 33529.0, 33529.0, 33529.0, 33529.0, 33529.0, 33529.0, 33529.0, 33529.0, 33529.0, 33529.0, 33529.0, 33529.0, 33529.0, 33529.0, 33529.0, 33529.0, 33529.0, 33529.0, 33529.0, 33529.0, 33529.0, 33529.0, 33529.0, 33529.0, 33529.0, 33529.0, 33529.0, 33529.0, 33529.0, 33529.0, 33529.0, 33529.0, 33529.0, 33529.0, 33529.0]
Population Size: 50, Crossover %: 0.9, Mutation %: 0.1, Number of Elites: 3
whole score log: [35372.0, 35372.0, 35372.0, 35372.0, 35372.0, 35372.0, 35372.0, 35372.0, 35372.0, 35372.0, 35372.0, 35372.0, 35372.0, 35372.0, 35372.0, 35372.0, 35372.0, 35372.0, 35372.0, 35372.0, 35372.0, 35372.0, 35372.0, 35372.0, 35372.0, 35372.0, 35372.0, 35372.0, 35372.0, 35372.0, 35372.0, 35372.0, 35372.0, 35372.0, 35372.0, 35372.0, 35372.0, 35372.0, 35372.0, 35372.0, 35372.0, 35372.0, 35372.0, 35372.0, 35372.0, 35372.0, 35372.0, 35372.0, 35372.0, 35372.0, 35372.0, 35372.0, 35372.0, 35372.0, 35372.0, 35372.0, 35372.0, 35372.0, 35372.0, 35372.0, 35372.0, 35372.0, 35372.0, 35372.0, 35372.0, 35372.0, 35372.0, 35372.0, 35372.0, 35372.0, 35372.0, 35372.0, 35372.0, 35372.0, 35372.0, 35372.0, 35372.0, 35372.0, 35372.0, 35372.0, 35372.0, 35372.0, 35372.0, 35372.0, 35372.0, 35372.0, 35372.0, 35372.0, 35372.0, 35372.0, 35372.0, 35372.0, 35372.0, 35372.0, 35372.0, 35372.0, 35372.0, 35372.0, 35372.0, 35372.0, 35372.0]
Population Size: 500, Crossover %: 0.5, Mutation %: 0.01, Number of Elites: 3
whole score log: [34934.0, 34934.0, 34934.0, 34934.0, 34934.0, 34934.0, 34934.0, 34934.0, 34934.0, 34934.0, 34934.0, 34934.0, 34934.0, 34934.0, 34934.0, 34934.0, 34934.0, 34934.0, 34934.0, 34934.0, 34934.0, 34934.0, 34934.0, 34934.0, 34934.0, 34934.0, 34934.0, 34934.0, 34934.0, 34934.0, 34934.0, 34934.0, 34934.0, 34934.0, 34934.0, 34934.0, 34934.0, 34934.0, 34934.0, 34934.0, 34934.0, 34934.0, 34934.0, 34934.0, 34934.0, 34934.0, 34934.0, 34934.0, 34934.0, 34934.0, 34934.0, 34934.0, 34934.0, 34934.0, 34934.0, 34934.0, 34934.0, 34934.0, 34934.0, 34934.0, 34934.0, 34934.0, 34934.0, 34934.0, 34934.0, 34934.0, 34934.0, 34934.0, 34934.0, 34934.0, 34934.0, 34934.0, 34934.0, 34934.0, 34934.0, 34934.0, 34934.0, 34934.0, 34934.0, 34934.0, 34934.0, 34934.0, 34934.0, 34934.0, 34934.0, 34934.0, 34934.0, 34934.0, 34934.0, 34934.0, 34934.0, 34934.0, 34934.0, 34934.0, 34934.0, 34934.0, 34934.0, 34934.0, 34934.0, 34934.0, 34934.0]
Population Size: 500, Crossover %: 0.5, Mutation %: 0.1, Number of Elites: 3
whole score log: [36281.0, 36281.0, 36281.0, 36281.0, 36281.0, 36281.0, 36281.0, 36281.0, 36281.0, 36281.0, 36281.0, 36281.0, 36281.0, 36281.0, 36281.0, 36281.0, 36281.0, 36281.0, 36281.0, 36281.0, 36281.0, 36281.0, 36281.0, 36281.0, 36281.0, 36281.0, 36281.0, 36281.0, 36281.0, 36281.0, 36281.0, 36281.0, 36281.0, 36281.0, 36281.0, 36281.0, 36281.0, 36281.0, 36281.0, 36281.0, 36281.0, 36281.0, 36281.0, 36281.0, 36281.0, 36281.0, 36281.0, 36281.0, 36281.0, 36281.0, 36281.0, 36281.0, 36281.0, 36281.0, 36281.0, 36281.0, 36281.0, 36281.0, 36281.0, 36281.0, 36281.0, 36281.0, 36281.0, 36281.0, 36281.0, 36281.0, 36281.0, 36281.0, 36281.0, 36281.0, 36281.0, 36281.0, 36281.0, 36281.0, 36281.0, 36281.0, 36281.0, 36281.0, 36281.0, 36281.0, 36281.0, 36281.0, 36281.0, 36281.0, 36281.0, 36281.0, 36281.0, 36281.0, 36281.0, 36281.0, 36281.0, 36281.0, 36281.0, 36281.0, 36281.0, 36281.0, 36281.0, 36281.0, 36281.0, 36281.0, 36281.0]
Population Size: 500, Crossover %: 0.9, Mutation %: 0.01, Number of Elites: 3
whole score log: [36921.0, 36921.0, 36921.0, 36921.0, 36921.0, 36921.0, 36921.0, 36921.0, 36921.0, 36921.0, 36921.0, 36921.0, 36921.0, 36921.0, 36921.0, 36921.0, 36921.0, 36921.0, 36921.0, 36921.0, 36921.0, 36921.0, 36921.0, 36921.0, 36921.0, 36921.0, 36921.0, 36921.0, 36921.0, 36921.0, 36921.0, 36921.0, 36921.0, 36921.0, 36921.0, 36921.0, 36921.0, 36921.0, 36921.0, 36921.0, 36921.0, 36921.0, 36921.0, 36921.0, 36921.0, 36921.0, 36921.0, 36921.0, 36921.0, 36921.0, 36921.0, 36921.0, 36921.0, 36921.0, 36921.0, 36921.0, 36921.0, 36921.0, 36921.0, 36921.0, 36921.0, 36921.0, 36921.0, 36921.0, 36921.0, 36921.0, 36921.0, 36921.0, 36921.0, 36921.0, 36921.0, 36921.0, 36921.0, 36921.0, 36921.0, 36921.0, 36921.0, 36921.0, 36921.0, 36921.0, 36921.0, 36921.0, 36921.0, 36921.0, 36921.0, 36921.0, 36921.0, 36921.0, 36921.0, 36921.0, 36921.0, 36921.0, 36921.0, 36921.0, 36921.0, 36921.0, 36921.0, 36921.0, 36921.0, 36921.0, 36921.0]
Population Size: 500, Crossover %: 0.9, Mutation %: 0.1, Number of Elites: 3
