Optimal solution = 9052
whole score log: [4629.0, 4747.0, 4747.0, 5191.0, 5191.0, 5191.0, 5191.0, 5191.0, 5191.0, 5191.0, 5191.0, 5191.0, 5191.0, 5191.0, 5191.0, 5191.0, 5191.0, 5191.0, 5191.0, 5191.0, 5191.0, 5191.0, 5191.0, 5191.0, 5191.0, 5191.0, 5191.0, 5191.0, 5191.0, 5191.0, 5191.0, 5191.0, 5191.0, 5191.0, 5191.0, 5191.0, 5191.0, 5191.0, 5191.0, 5191.0, 5191.0, 5191.0, 5191.0, 5191.0, 5191.0, 5191.0, 5191.0, 5191.0, 5191.0, 5191.0, 5191.0, 5191.0, 5191.0, 5191.0, 5191.0, 5191.0, 5191.0, 5191.0, 5191.0, 5191.0, 5191.0, 5191.0, 5191.0, 5191.0, 5191.0, 5191.0, 5191.0, 5191.0, 5191.0, 5191.0, 5191.0, 5191.0, 5191.0, 5191.0, 5191.0, 5191.0, 5191.0, 5191.0, 5191.0, 5191.0, 5191.0, 5191.0, 5191.0, 5191.0, 5191.0, 5191.0, 5191.0, 5191.0, 5191.0, 5191.0, 5191.0, 5191.0, 5191.0, 5191.0, 5191.0, 5191.0, 5191.0, 5191.0, 5191.0, 5191.0, 5191.0]
Population Size: 50, Crossover %: 0.5, Mutation %: 0.01, Number of Elites: 3
whole score log: [4180.0, 4180.0, 4180.0, 4180.0, 4180.0, 4180.0, 4180.0, 4180.0, 4180.0, 4180.0, 4180.0, 4180.0, 4180.0, 4180.0, 4180.0, 4180.0, 4180.0, 4180.0, 4180.0, 4180.0, 4180.0, 4180.0, 4180.0, 4180.0, 4180.0, 4180.0, 4180.0, 4180.0, 4180.0, 4180.0, 4180.0, 4180.0, 4180.0, 4180.0, 4180.0, 4180.0, 4180.0, 4180.0, 4180.0, 4180.0, 4180.0, 4180.0, 4180.0, 4180.0, 4180.0, 4180.0, 4180.0, 4180.0, 4180.0, 4180.0, 4180.0, 4180.0, 4180.0, 4180.0, 4180.0, 4180.0, 4180.0, 4180.0, 4180.0, 4180.0, 4180.0, 4180.0, 4180.0, 4180.0, 4180.0, 4180.0, 4180.0, 4180.0, 4180.0, 4180.0, 4180.0, 4180.0, 4180.0, 4180.0, 4180.0, 4180.0, 4180.0, 4180.0, 4180.0, 4180.0, 4180.0, 4180.0, 4180.0, 4180.0, 4180.0, 4180.0, 4180.0, 4180.0, 4180.0, 4180.0, 4180.0, 4180.0, 4180.0, 4180.0, 4180.0, 4180.0, 4180.0, 4180.0, 4180.0, 4180.0, 4180.0]
Population Size: 50, Crossover %: 0.5, Mutation %: 0.1, Number of Elites: 3
whole score log: [4200.0, 4202.0, 4936.0, 4936.0, 4936.0, 4936.0, 4936.0, 4936.0, 4936.0, 4936.0, 4936.0, 4936.0, 4936.0, 4936.0, 4936.0, 4936.0, 4936.0, 4936.0, 4936.0, 4936.0, 4936.0, 4936.0, 4936.0, 4936.0, 4936.0, 4936.0, 4936.0, 4936.0, 4936.0, 4936.0, 4936.0, 4936.0, 4936.0, 4936.0, 4936.0, 4936.0, 4936.0, 4936.0, 4936.0, 4936.0, 4936.0, 4936.0, 4936.0, 4936.0, 4936.0, 4936.0, 4936.0, 4936.0, 4936.0, 4936.0, 4936.0, 4936.0, 4936.0, 4936.0, 4936.0, 4936.0, 4936.0, 4936.0, 4936.0, 4936.0, 4936.0, 4936.0, 4936.0, 4936.0, 4936.0, 4936.0, 4936.0, 4936.0, 4936.0, 4936.0, 4936.0, 4936.0, 4936.0, 4936.0, 4936.0, 4936.0, 4936.0, 4936.0, 4936.0, 4936.0, 4936.0, 4936.0, 4936.0, 4936.0, 4936.0, 4936.0, 4936.0, 4936.0, 4936.0, 4936.0, 4936.0, 4936.0, 4936.0, 4936.0, 4936.0, 4936.0, 4936.0, 4936.0, 4936.0, 4936.0, 4936.0]
Population Size: 50, Crossover %: 0.9, Mutation %: 0.01, Number of Elites: 3
whole score log: [4194.0, 4194.0, 4194.0, 4194.0, 4194.0, 4194.0, 4194.0, 4194.0, 4194.0, 4194.0, 4194.0, 4194.0, 4194.0, 4194.0, 4194.0, 4194.0, 4194.0, 4194.0, 4194.0, 4194.0, 4194.0, 4194.0, 4194.0, 4194.0, 4194.0, 4194.0, 4194.0, 4194.0, 4194.0, 4194.0, 4194.0, 4194.0, 4194.0, 4194.0, 4194.0, 4194.0, 4194.0, 4194.0, 4194.0, 4194.0, 4194.0, 4194.0, 4194.0, 4194.0, 4194.0, 4194.0, 4194.0, 4194.0, 4194.0, 4194.0, 4194.0, 4194.0, 4194.0, 4194.0, 4194.0, 4194.0, 4194.0, 4194.0, 4194.0, 4194.0, 4194.0, 4194.0, 4194.0, 4194.0, 4194.0, 4194.0, 4194.0, 4194.0, 4194.0, 4194.0, 4194.0, 4194.0, 4194.0, 4194.0, 4194.0, 4194.0, 4194.0, 4194.0, 4194.0, 4194.0, 4194.0, 4194.0, 4194.0, 4194.0, 4194.0, 4194.0, 4194.0, 4194.0, 4194.0, 4194.0, 4194.0, 4194.0, 4194.0, 4194.0, 4194.0, 4194.0, 4194.0, 4194.0, 4194.0, 4194.0, 4194.0]
Population Size: 50, Crossover %: 0.9, Mutation %: 0.1, Number of Elites: 3
whole score log: [4875.0, 5171.0, 5171.0, 5216.0, 5216.0, 5216.0, 5216.0, 5216.0, 5216.0, 5216.0, 5216.0, 5216.0, 5216.0, 5216.0, 5216.0, 5216.0, 5216.0, 5216.0, 5216.0, 5216.0, 5216.0, 5216.0, 5216.0, 5216.0, 5216.0, 5216.0, 5216.0, 5216.0, 5216.0, 5216.0, 5216.0, 5216.0, 5216.0, 5216.0, 5216.0, 5216.0, 5216.0, 5216.0, 5216.0, 5216.0, 5216.0, 5216.0, 5216.0, 5216.0, 5216.0, 5216.0, 5216.0, 5216.0, 5216.0, 5216.0, 5216.0, 5216.0, 5216.0, 5216.0, 5216.0, 5216.0, 5216.0, 5216.0, 5216.0, 5216.0, 5216.0, 5216.0, 5216.0, 5216.0, 5216.0, 5216.0, 5216.0, 5216.0, 5216.0, 5216.0, 5216.0, 5216.0, 5216.0, 5216.0, 5216.0, 5216.0, 5216.0, 5216.0, 5216.0, 5216.0, 5216.0, 5216.0, 5216.0, 5216.0, 5216.0, 5216.0, 5216.0, 5216.0, 5216.0, 5216.0, 5216.0, 5216.0, 5216.0, 5216.0, 5216.0, 5216.0, 5216.0, 5216.0, 5216.0, 5216.0, 5216.0]
Population Size: 500, Crossover %: 0.5, Mutation %: 0.01, Number of Elites: 3
whole score log: [4807.0, 4807.0, 4807.0, 4807.0, 4807.0, 4807.0, 4807.0, 4807.0, 4807.0, 4807.0, 4807.0, 4807.0, 4807.0, 4807.0, 4807.0, 4807.0, 4807.0, 4807.0, 4807.0, 4807.0, 4807.0, 4807.0, 4807.0, 4807.0, 4807.0, 4807.0, 4807.0, 4807.0, 4807.0, 4807.0, 4807.0, 4807.0, 4807.0, 4807.0, 4807.0, 4807.0, 4807.0, 4807.0, 4807.0, 4807.0, 4807.0, 4807.0, 4807.0, 4807.0, 4807.0, 4807.0, 4807.0, 4807.0, 4807.0, 4807.0, 4807.0, 4807.0, 4807.0, 4807.0, 4807.0, 4807.0, 4807.0, 4807.0, 4807.0, 4807.0, 4807.0, 4807.0, 4807.0, 4807.0, 4807.0, 4807.0, 4807.0, 4807.0, 4807.0, 4807.0, 4807.0, 4807.0, 4807.0, 4807.0, 4807.0, 4807.0, 4807.0, 4807.0, 4807.0, 4807.0, 4807.0, 4807.0, 4807.0, 4807.0, 4807.0, 4807.0, 4807.0, 4807.0, 4807.0, 4807.0, 4807.0, 4807.0, 4807.0, 4807.0, 4807.0, 4807.0, 4807.0, 4807.0, 4807.0, 4807.0, 4807.0]
Population Size: 500, Crossover %: 0.5, Mutation %: 0.1, Number of Elites: 3
whole score log: [4675.0, 5296.0, 5296.0, 5296.0, 5296.0, 5296.0, 5296.0, 5296.0, 5296.0, 5296.0, 5296.0, 5296.0, 5296.0, 5296.0, 5296.0, 5296.0, 5296.0, 5296.0, 5296.0, 5296.0, 5296.0, 5296.0, 5296.0, 5296.0, 5296.0, 5296.0, 5296.0, 5296.0, 5296.0, 5296.0, 5296.0, 5296.0, 5296.0, 5296.0, 5296.0, 5296.0, 5296.0, 5296.0, 5296.0, 5296.0, 5296.0, 5296.0, 5296.0, 5296.0, 5296.0, 5296.0, 5296.0, 5296.0, 5296.0, 5296.0, 5296.0, 5296.0, 5296.0, 5296.0, 5296.0, 5296.0, 5296.0, 5296.0, 5296.0, 5296.0, 5296.0, 5296.0, 5296.0, 5296.0, 5296.0, 5296.0, 5296.0, 5296.0, 5296.0, 5296.0, 5296.0, 5296.0, 5296.0, 5296.0, 5296.0, 5296.0, 5296.0, 5296.0, 5296.0, 5296.0, 5296.0, 5296.0, 5296.0, 5296.0, 5296.0, 5296.0, 5296.0, 5296.0, 5296.0, 5296.0, 5296.0, 5296.0, 5296.0, 5296.0, 5296.0, 5296.0, 5296.0, 5296.0, 5296.0, 5296.0, 5296.0]
Population Size: 500, Crossover %: 0.9, Mutation %: 0.01, Number of Elites: 3
whole score log: [4830.0, 4830.0, 4830.0, 4830.0, 4830.0, 4830.0, 4830.0, 4830.0, 4830.0, 4830.0, 4830.0, 4830.0, 4830.0, 4830.0, 4830.0, 4830.0, 4830.0, 4830.0, 4830.0, 4830.0, 4830.0, 4830.0, 4830.0, 4830.0, 4830.0, 4830.0, 4830.0, 4830.0, 4830.0, 4830.0, 4830.0, 4830.0, 4830.0, 4830.0, 4830.0, 4830.0, 4830.0, 4830.0, 4830.0, 4830.0, 4830.0, 4830.0, 4830.0, 4830.0, 4830.0, 4830.0, 4830.0, 4830.0, 4830.0, 4830.0, 4830.0, 4830.0, 4830.0, 4830.0, 4830.0, 4830.0, 4830.0, 4830.0, 4830.0, 4830.0, 4830.0, 4830.0, 4830.0, 4830.0, 4830.0, 4830.0, 4830.0, 4830.0, 4830.0, 4830.0, 4830.0, 4830.0, 4830.0, 4830.0, 4830.0, 4830.0, 4830.0, 4830.0, 4830.0, 4830.0, 4830.0, 4830.0, 4830.0, 4830.0, 4830.0, 4830.0, 4830.0, 4830.0, 4830.0, 4830.0, 4830.0, 4830.0, 4830.0, 4830.0, 4830.0, 4830.0, 4830.0, 4830.0, 4830.0, 4830.0, 4830.0]
Population Size: 500, Crossover %: 0.9, Mutation %: 0.1, Number of Elites: 3
