Optimal solution = 1634
whole score log: [826.0, 1024.0, 1109.0, 1110.0, 1110.0, 1110.0, 1136.0, 1136.0, 1136.0, 1136.0, 1136.0, 1146.0, 1146.0, 1146.0, 1146.0, 1146.0, 1146.0, 1146.0, 1211.0, 1211.0, 1211.0, 1211.0, 1211.0, 1211.0, 1211.0, 1211.0, 1211.0, 1211.0, 1211.0, 1211.0, 1211.0, 1211.0, 1211.0, 1211.0, 1243.0, 1243.0, 1287.0, 1287.0, 1304.0, 1304.0, 1304.0, 1304.0, 1304.0, 1304.0, 1304.0, 1304.0, 1304.0, 1304.0, 1304.0, 1304.0, 1304.0, 1304.0, 1304.0, 1304.0, 1304.0, 1304.0, 1304.0, 1304.0, 1304.0, 1304.0, 1304.0, 1304.0, 1304.0, 1304.0, 1305.0, 1305.0, 1305.0, 1305.0, 1305.0, 1305.0, 1305.0, 1305.0, 1305.0, 1305.0, 1305.0, 1305.0, 1305.0, 1305.0, 1305.0, 1305.0, 1305.0, 1305.0, 1305.0, 1305.0, 1305.0, 1305.0, 1305.0, 1305.0, 1305.0, 1305.0, 1305.0, 1305.0, 1305.0, 1305.0, 1305.0, 1305.0, 1305.0, 1305.0, 1305.0, 1305.0, 1305.0]
Population Size: 50, Crossover %: 0.5, Mutation %: 0.01, Number of Elites: 3
whole score log: [826.0, 826.0, 826.0, 826.0, 826.0, 826.0, 826.0, 826.0, 826.0, 826.0, 826.0, 826.0, 826.0, 826.0, 826.0, 826.0, 826.0, 826.0, 826.0, 826.0, 826.0, 826.0, 826.0, 826.0, 826.0, 826.0, 826.0, 826.0, 826.0, 826.0, 826.0, 826.0, 826.0, 826.0, 826.0, 826.0, 826.0, 826.0, 826.0, 826.0, 826.0, 826.0, 826.0, 826.0, 826.0, 826.0, 826.0, 826.0, 826.0, 826.0, 826.0, 826.0, 826.0, 826.0, 826.0, 826.0, 826.0, 826.0, 826.0, 826.0, 826.0, 826.0, 826.0, 826.0, 826.0, 826.0, 826.0, 826.0, 826.0, 826.0, 826.0, 826.0, 826.0, 826.0, 826.0, 826.0, 826.0, 826.0, 826.0, 826.0, 826.0, 826.0, 826.0, 826.0, 826.0, 826.0, 826.0, 826.0, 826.0, 826.0, 826.0, 826.0, 826.0, 826.0, 826.0, 826.0, 826.0, 826.0, 826.0, 826.0, 826.0]
Population Size: 50, Crossover %: 0.5, Mutation %: 0.1, Number of Elites: 3
whole score log: [826.0, 967.0, 967.0, 1001.0, 1001.0, 1001.0, 1066.0, 1066.0, 1066.0, 1130.0, 1130.0, 1130.0, 1130.0, 1130.0, 1130.0, 1130.0, 1130.0, 1130.0, 1130.0, 1130.0, 1130.0, 1130.0, 1130.0, 1130.0, 1130.0, 1130.0, 1130.0, 1136.0, 1136.0, 1136.0, 1175.0, 1175.0, 1175.0, 1188.0, 1188.0, 1188.0, 1188.0, 1308.0, 1308.0, 1309.0, 1309.0, 1309.0, 1309.0, 1309.0, 1309.0, 1309.0, 1371.0, 1371.0, 1371.0, 1371.0, 1371.0, 1371.0, 1371.0, 1371.0, 1371.0, 1371.0, 1371.0, 1371.0, 1371.0, 1371.0, 1371.0, 1371.0, 1371.0, 1371.0, 1371.0, 1371.0, 1371.0, 1371.0, 1371.0, 1371.0, 1371.0, 1371.0, 1371.0, 1371.0, 1371.0, 1371.0, 1371.0, 1371.0, 1371.0, 1371.0, 1371.0, 1371.0, 1371.0, 1371.0, 1371.0, 1371.0, 1391.0, 1391.0, 1391.0, 1392.0, 1392.0, 1454.0, 1454.0, 1454.0, 1454.0, 1454.0, 1454.0, 1454.0, 1454.0, 1454.0, 1454.0]
Population Size: 50, Crossover %: 0.9, Mutation %: 0.01, Number of Elites: 3
whole score log: [826.0, 826.0, 826.0, 826.0, 826.0, 826.0, 826.0, 826.0, 826.0, 826.0, 826.0, 826.0, 826.0, 826.0, 826.0, 826.0, 826.0, 826.0, 826.0, 826.0, 826.0, 826.0, 826.0, 826.0, 826.0, 826.0, 826.0, 826.0, 826.0, 826.0, 826.0, 826.0, 826.0, 826.0, 826.0, 826.0, 826.0, 826.0, 826.0, 826.0, 826.0, 826.0, 826.0, 826.0, 826.0, 826.0, 826.0, 826.0, 826.0, 826.0, 826.0, 826.0, 826.0, 826.0, 826.0, 826.0, 826.0, 826.0, 826.0, 826.0, 826.0, 826.0, 826.0, 826.0, 826.0, 826.0, 826.0, 826.0, 826.0, 826.0, 826.0, 826.0, 826.0, 826.0, 826.0, 826.0, 826.0, 826.0, 826.0, 826.0, 826.0, 826.0, 826.0, 826.0, 826.0, 826.0, 826.0, 826.0, 826.0, 826.0, 826.0, 826.0, 826.0, 826.0, 826.0, 826.0, 826.0, 826.0, 826.0, 826.0, 826.0]
Population Size: 50, Crossover %: 0.9, Mutation %: 0.1, Number of Elites: 3
whole score log: [826.0, 1073.0, 1080.0, 1125.0, 1165.0, 1165.0, 1165.0, 1213.0, 1213.0, 1252.0, 1255.0, 1277.0, 1277.0, 1277.0, 1277.0, 1295.0, 1295.0, 1295.0, 1386.0, 1386.0, 1386.0, 1386.0, 1386.0, 1386.0, 1386.0, 1386.0, 1386.0, 1386.0, 1386.0, 1386.0, 1494.0, 1494.0, 1494.0, 1494.0, 1494.0, 1494.0, 1494.0, 1494.0, 1494.0, 1494.0, 1494.0, 1494.0, 1494.0, 1494.0, 1494.0, 1494.0, 1494.0, 1515.0, 1515.0, 1515.0, 1515.0, 1515.0, 1516.0, 1516.0, 1516.0, 1516.0, 1516.0, 1516.0, 1516.0, 1516.0, 1516.0, 1516.0, 1516.0, 1516.0, 1516.0, 1519.0, 1519.0, 1519.0, 1519.0, 1519.0, 1519.0, 1562.0, 1562.0, 1562.0, 1562.0, 1562.0, 1562.0, 1562.0, 1562.0, 1562.0, 1562.0, 1562.0, 1562.0, 1562.0, 1562.0, 1562.0, 1562.0, 1562.0, 1562.0, 1562.0, 1562.0, 1562.0, 1562.0, 1562.0, 1562.0, 1562.0, 1562.0, 1562.0, 1562.0, 1562.0, 1562.0]
Population Size: 500, Crossover %: 0.5, Mutation %: 0.01, Number of Elites: 3
whole score log: [826.0, 826.0, 826.0, 826.0, 826.0, 826.0, 826.0, 826.0, 826.0, 826.0, 826.0, 826.0, 826.0, 826.0, 826.0, 826.0, 826.0, 826.0, 826.0, 826.0, 826.0, 826.0, 826.0, 826.0, 826.0, 826.0, 826.0, 826.0, 826.0, 826.0, 826.0, 826.0, 826.0, 826.0, 826.0, 826.0, 826.0, 826.0, 826.0, 826.0, 826.0, 826.0, 826.0, 826.0, 826.0, 826.0, 826.0, 826.0, 826.0, 826.0, 826.0, 826.0, 826.0, 826.0, 826.0, 826.0, 826.0, 826.0, 826.0, 826.0, 826.0, 826.0, 826.0, 826.0, 826.0, 826.0, 826.0, 826.0, 826.0, 826.0, 826.0, 826.0, 826.0, 826.0, 826.0, 826.0, 826.0, 826.0, 826.0, 826.0, 826.0, 826.0, 826.0, 826.0, 826.0, 826.0, 826.0, 826.0, 826.0, 826.0, 826.0, 826.0, 826.0, 826.0, 826.0, 826.0, 826.0, 826.0, 826.0, 826.0, 826.0]
Population Size: 500, Crossover %: 0.5, Mutation %: 0.1, Number of Elites: 3
whole score log: [826.0, 1000.0, 1027.0, 1231.0, 1231.0, 1231.0, 1231.0, 1231.0, 1231.0, 1311.0, 1311.0, 1311.0, 1388.0, 1388.0, 1389.0, 1404.0, 1404.0, 1440.0, 1440.0, 1440.0, 1440.0, 1440.0, 1440.0, 1440.0, 1440.0, 1440.0, 1440.0, 1440.0, 1440.0, 1440.0, 1440.0, 1440.0, 1493.0, 1493.0, 1493.0, 1493.0, 1493.0, 1493.0, 1493.0, 1493.0, 1493.0, 1493.0, 1493.0, 1493.0, 1493.0, 1493.0, 1493.0, 1493.0, 1493.0, 1493.0, 1493.0, 1493.0, 1493.0, 1493.0, 1493.0, 1493.0, 1493.0, 1493.0, 1493.0, 1493.0, 1493.0, 1493.0, 1493.0, 1493.0, 1493.0, 1493.0, 1493.0, 1493.0, 1493.0, 1493.0, 1493.0, 1493.0, 1493.0, 1493.0, 1493.0, 1493.0, 1493.0, 1493.0, 1493.0, 1493.0, 1493.0, 1493.0, 1493.0, 1493.0, 1493.0, 1493.0, 1493.0, 1493.0, 1493.0, 1493.0, 1493.0, 1493.0, 1493.0, 1493.0, 1493.0, 1581.0, 1581.0, 1581.0, 1581.0, 1581.0, 1581.0]
Population Size: 500, Crossover %: 0.9, Mutation %: 0.01, Number of Elites: 3
whole score log: [826.0, 826.0, 826.0, 826.0, 826.0, 826.0, 826.0, 826.0, 826.0, 826.0, 826.0, 826.0, 826.0, 826.0, 826.0, 826.0, 826.0, 826.0, 826.0, 826.0, 826.0, 826.0, 826.0, 826.0, 826.0, 826.0, 826.0, 826.0, 826.0, 826.0, 826.0, 826.0, 826.0, 826.0, 826.0, 826.0, 826.0, 826.0, 826.0, 826.0, 826.0, 826.0, 826.0, 826.0, 826.0, 826.0, 826.0, 826.0, 826.0, 826.0, 826.0, 826.0, 826.0, 826.0, 826.0, 826.0, 826.0, 826.0, 826.0, 826.0, 826.0, 826.0, 826.0, 826.0, 826.0, 826.0, 826.0, 826.0, 826.0, 826.0, 826.0, 826.0, 826.0, 826.0, 826.0, 826.0, 826.0, 826.0, 826.0, 826.0, 826.0, 826.0, 826.0, 826.0, 826.0, 826.0, 826.0, 826.0, 826.0, 826.0, 826.0, 826.0, 826.0, 826.0, 826.0, 826.0, 826.0, 826.0, 826.0, 826.0, 826.0]
Population Size: 500, Crossover %: 0.9, Mutation %: 0.1, Number of Elites: 3
