Optimal solution = 276457
whole score log: [24605.0, 24605.0, 24605.0, 24605.0, 24605.0, 24605.0, 24605.0, 24605.0, 24605.0, 24605.0, 24605.0, 24605.0, 24605.0, 24605.0, 24605.0, 24605.0, 24605.0, 24605.0, 24605.0, 24605.0, 24605.0, 24605.0, 24605.0, 24605.0, 24605.0, 24605.0, 24605.0, 24605.0, 24605.0, 24605.0, 24605.0, 24605.0, 24605.0, 24605.0, 24605.0, 24605.0, 24605.0, 24605.0, 24605.0, 24605.0, 24605.0, 24605.0, 24605.0, 24605.0, 24605.0, 24605.0, 24605.0, 24605.0, 24605.0, 24605.0, 24605.0, 24605.0, 24605.0, 24605.0, 24605.0, 24605.0, 24605.0, 24605.0, 24605.0, 24605.0, 24605.0, 24605.0, 24605.0, 24605.0, 24605.0, 24605.0, 24605.0, 24605.0, 24605.0, 24605.0, 24605.0, 24605.0, 24605.0, 24605.0, 24605.0, 24605.0, 24605.0, 24605.0, 24605.0, 24605.0, 24605.0, 24605.0, 24605.0, 24605.0, 24605.0, 24605.0, 24605.0, 24605.0, 24605.0, 24605.0, 24605.0, 24605.0, 24605.0, 24605.0, 24605.0, 24605.0, 24605.0, 24605.0, 24605.0, 24605.0, 24605.0]
Population Size: 50, Crossover %: 0.5, Mutation %: 0.01, Number of Elites: 3
whole score log: [23611.0, 23611.0, 23611.0, 23611.0, 23611.0, 23611.0, 23611.0, 23611.0, 23611.0, 23611.0, 23611.0, 23611.0, 23611.0, 23611.0, 23611.0, 23611.0, 23611.0, 23611.0, 23611.0, 23611.0, 23611.0, 23611.0, 23611.0, 23611.0, 23611.0, 23611.0, 23611.0, 23611.0, 23611.0, 23611.0, 23611.0, 23611.0, 23611.0, 23611.0, 23611.0, 23611.0, 23611.0, 23611.0, 23611.0, 23611.0, 23611.0, 23611.0, 23611.0, 23611.0, 23611.0, 23611.0, 23611.0, 23611.0, 23611.0, 23611.0, 23611.0, 23611.0, 23611.0, 23611.0, 23611.0, 23611.0, 23611.0, 23611.0, 23611.0, 23611.0, 23611.0, 23611.0, 23611.0, 23611.0, 23611.0, 23611.0, 23611.0, 23611.0, 23611.0, 23611.0, 23611.0, 23611.0, 23611.0, 23611.0, 23611.0, 23611.0, 23611.0, 23611.0, 23611.0, 23611.0, 23611.0, 23611.0, 23611.0, 23611.0, 23611.0, 23611.0, 23611.0, 23611.0, 23611.0, 23611.0, 23611.0, 23611.0, 23611.0, 23611.0, 23611.0, 23611.0, 23611.0, 23611.0, 23611.0, 23611.0, 23611.0]
Population Size: 50, Crossover %: 0.5, Mutation %: 0.1, Number of Elites: 3
whole score log: [23625.0, 23625.0, 23625.0, 23625.0, 23625.0, 23625.0, 23625.0, 23625.0, 23625.0, 23625.0, 23625.0, 23625.0, 23625.0, 23625.0, 23625.0, 23625.0, 23625.0, 23625.0, 23625.0, 23625.0, 23625.0, 23625.0, 23625.0, 23625.0, 23625.0, 23625.0, 23625.0, 23625.0, 23625.0, 23625.0, 23625.0, 23625.0, 23625.0, 23625.0, 23625.0, 23625.0, 23625.0, 23625.0, 23625.0, 23625.0, 23625.0, 23625.0, 23625.0, 23625.0, 23625.0, 23625.0, 23625.0, 23625.0, 23625.0, 23625.0, 23625.0, 23625.0, 23625.0, 23625.0, 23625.0, 23625.0, 23625.0, 23625.0, 23625.0, 23625.0, 23625.0, 23625.0, 23625.0, 23625.0, 23625.0, 23625.0, 23625.0, 23625.0, 23625.0, 23625.0, 23625.0, 23625.0, 23625.0, 23625.0, 23625.0, 23625.0, 23625.0, 23625.0, 23625.0, 23625.0, 23625.0, 23625.0, 23625.0, 23625.0, 23625.0, 23625.0, 23625.0, 23625.0, 23625.0, 23625.0, 23625.0, 23625.0, 23625.0, 23625.0, 23625.0, 23625.0, 23625.0, 23625.0, 23625.0, 23625.0, 23625.0]
Population Size: 50, Crossover %: 0.9, Mutation %: 0.01, Number of Elites: 3
whole score log: [22593.0, 22593.0, 22593.0, 22593.0, 22593.0, 22593.0, 22593.0, 22593.0, 22593.0, 22593.0, 22593.0, 22593.0, 22593.0, 22593.0, 22593.0, 22593.0, 22593.0, 22593.0, 22593.0, 22593.0, 22593.0, 22593.0, 22593.0, 22593.0, 22593.0, 22593.0, 22593.0, 22593.0, 22593.0, 22593.0, 22593.0, 22593.0, 22593.0, 22593.0, 22593.0, 22593.0, 22593.0, 22593.0, 22593.0, 22593.0, 22593.0, 22593.0, 22593.0, 22593.0, 22593.0, 22593.0, 22593.0, 22593.0, 22593.0, 22593.0, 22593.0, 22593.0, 22593.0, 22593.0, 22593.0, 22593.0, 22593.0, 22593.0, 22593.0, 22593.0, 22593.0, 22593.0, 22593.0, 22593.0, 22593.0, 22593.0, 22593.0, 22593.0, 22593.0, 22593.0, 22593.0, 22593.0, 22593.0, 22593.0, 22593.0, 22593.0, 22593.0, 22593.0, 22593.0, 22593.0, 22593.0, 22593.0, 22593.0, 22593.0, 22593.0, 22593.0, 22593.0, 22593.0, 22593.0, 22593.0, 22593.0, 22593.0, 22593.0, 22593.0, 22593.0, 22593.0, 22593.0, 22593.0, 22593.0, 22593.0, 22593.0]
Population Size: 50, Crossover %: 0.9, Mutation %: 0.1, Number of Elites: 3
whole score log: [23597.0, 25123.0, 25123.0, 25123.0, 25123.0, 25123.0, 25123.0, 25123.0, 25123.0, 25123.0, 25123.0, 25123.0, 25123.0, 25123.0, 25123.0, 25123.0, 25123.0, 25123.0, 25123.0, 25123.0, 25123.0, 25123.0, 25123.0, 25123.0, 25123.0, 25123.0, 25123.0, 25123.0, 25123.0, 25123.0, 25123.0, 25123.0, 25123.0, 25123.0, 25123.0, 25123.0, 25123.0, 25123.0, 25123.0, 25123.0, 25123.0, 25123.0, 25123.0, 25123.0, 25123.0, 25123.0, 25123.0, 25123.0, 25123.0, 25123.0, 25123.0, 25123.0, 25123.0, 25123.0, 25123.0, 25123.0, 25123.0, 25123.0, 25123.0, 25123.0, 25123.0, 25123.0, 25123.0, 25123.0, 25123.0, 25123.0, 25123.0, 25123.0, 25123.0, 25123.0, 25123.0, 25123.0, 25123.0, 25123.0, 25123.0, 25123.0, 25123.0, 25123.0, 25123.0, 25123.0, 25123.0, 25123.0, 25123.0, 25123.0, 25123.0, 25123.0, 25123.0, 25123.0, 25123.0, 25123.0, 25123.0, 25123.0, 25123.0, 25123.0, 25123.0, 25123.0, 25123.0, 25123.0, 25123.0, 25123.0, 25123.0]
Population Size: 500, Crossover %: 0.5, Mutation %: 0.01, Number of Elites: 3
whole score log: [23213.0, 23213.0, 23213.0, 23213.0, 23213.0, 23213.0, 23213.0, 23213.0, 23213.0, 23213.0, 23213.0, 23213.0, 23213.0, 23213.0, 23213.0, 23213.0, 23213.0, 23213.0, 23213.0, 23213.0, 23213.0, 23213.0, 23213.0, 23213.0, 23213.0, 23213.0, 23213.0, 23213.0, 23213.0, 23213.0, 23213.0, 23213.0, 23213.0, 23213.0, 23213.0, 23213.0, 23213.0, 23213.0, 23213.0, 23213.0, 23213.0, 23213.0, 23213.0, 23213.0, 23213.0, 23213.0, 23213.0, 23213.0, 23213.0, 23213.0, 23213.0, 23213.0, 23213.0, 23213.0, 23213.0, 23213.0, 23213.0, 23213.0, 23213.0, 23213.0, 23213.0, 23213.0, 23213.0, 23213.0, 23213.0, 23213.0, 23213.0, 23213.0, 23213.0, 23213.0, 23213.0, 23213.0, 23213.0, 23213.0, 23213.0, 23213.0, 23213.0, 23213.0, 23213.0, 23213.0, 23213.0, 23213.0, 23213.0, 23213.0, 23213.0, 23213.0, 23213.0, 23213.0, 23213.0, 23213.0, 23213.0, 23213.0, 23213.0, 23213.0, 23213.0, 23213.0, 23213.0, 23213.0, 23213.0, 23213.0, 23213.0]
Population Size: 500, Crossover %: 0.5, Mutation %: 0.1, Number of Elites: 3
whole score log: [24248.0, 32815.0, 32815.0, 32815.0, 32815.0, 32815.0, 32815.0, 32815.0, 32815.0, 32815.0, 32815.0, 32815.0, 32815.0, 32815.0, 32815.0, 32815.0, 32815.0, 32815.0, 32815.0, 32815.0, 32815.0, 32815.0, 32815.0, 32815.0, 32815.0, 32815.0, 32815.0, 32815.0, 32815.0, 32815.0, 32815.0, 32815.0, 32815.0, 32815.0, 32815.0, 32815.0, 32815.0, 32815.0, 32815.0, 32815.0, 32815.0, 32815.0, 32815.0, 32815.0, 32815.0, 32815.0, 32815.0, 32815.0, 32815.0, 32815.0, 32815.0, 32815.0, 32815.0, 32815.0, 32815.0, 32815.0, 32815.0, 32815.0, 32815.0, 32815.0, 32815.0, 32815.0, 32815.0, 32815.0, 32815.0, 32815.0, 32815.0, 32815.0, 32815.0, 32815.0, 32815.0, 32815.0, 32815.0, 32815.0, 32815.0, 32815.0, 32815.0, 32815.0, 32815.0, 32815.0, 32815.0, 32815.0, 32815.0, 32815.0, 32815.0, 32815.0, 32815.0, 32815.0, 32815.0, 32815.0, 32815.0, 32815.0, 32815.0, 32815.0, 32815.0, 32815.0, 32815.0, 32815.0, 32815.0, 32815.0, 32815.0]
Population Size: 500, Crossover %: 0.9, Mutation %: 0.01, Number of Elites: 3
whole score log: [23827.0, 23827.0, 23827.0, 23827.0, 23827.0, 23827.0, 23827.0, 23827.0, 23827.0, 23827.0, 23827.0, 23827.0, 23827.0, 23827.0, 23827.0, 23827.0, 23827.0, 23827.0, 23827.0, 23827.0, 23827.0, 23827.0, 23827.0, 23827.0, 23827.0, 23827.0, 23827.0, 23827.0, 23827.0, 23827.0, 23827.0, 23827.0, 23827.0, 23827.0, 23827.0, 23827.0, 23827.0, 23827.0, 23827.0, 23827.0, 23827.0, 23827.0, 23827.0, 23827.0, 23827.0, 23827.0, 23827.0, 23827.0, 23827.0, 23827.0, 23827.0, 23827.0, 23827.0, 23827.0, 23827.0, 23827.0, 23827.0, 23827.0, 23827.0, 23827.0, 23827.0, 23827.0, 23827.0, 23827.0, 23827.0, 23827.0, 23827.0, 23827.0, 23827.0, 23827.0, 23827.0, 23827.0, 23827.0, 23827.0, 23827.0, 23827.0, 23827.0, 23827.0, 23827.0, 23827.0, 23827.0, 23827.0, 23827.0, 23827.0, 23827.0, 23827.0, 23827.0, 23827.0, 23827.0, 23827.0, 23827.0, 23827.0, 23827.0, 23827.0, 23827.0, 23827.0, 23827.0, 23827.0, 23827.0, 23827.0, 23827.0]
Population Size: 500, Crossover %: 0.9, Mutation %: 0.1, Number of Elites: 3
