Optimal solution = 11238
whole score log: [2828.0, 3000.0, 3552.0, 3552.0, 4186.0, 4923.0, 4923.0, 4923.0, 4923.0, 4923.0, 4923.0, 4923.0, 4949.0, 4949.0, 4949.0, 4949.0, 4955.0, 5181.0, 5181.0, 5863.0, 5863.0, 5863.0, 6013.0, 6013.0, 6013.0, 6099.0, 6099.0, 6333.0, 6333.0, 6333.0, 6333.0, 6333.0, 6333.0, 6333.0, 6333.0, 6333.0, 6333.0, 6790.0, 7558.0, 7558.0, 7558.0, 7558.0, 7558.0, 7558.0, 7558.0, 7833.0, 7833.0, 7833.0, 7833.0, 7833.0, 7833.0, 7833.0, 7833.0, 7833.0, 7833.0, 7833.0, 8043.0, 8043.0, 8043.0, 8043.0, 8043.0, 8043.0, 8043.0, 8474.0, 8474.0, 8474.0, 9043.0, 9043.0, 9043.0, 9043.0, 9187.0, 9187.0, 9187.0, 9187.0, 9187.0, 9187.0, 9187.0, 9187.0, 9187.0, 9187.0, 9187.0, 9187.0, 9187.0, 9187.0, 9187.0, 9187.0, 9187.0, 9187.0, 9187.0, 9187.0, 9187.0, 9187.0, 9187.0, 9187.0, 9187.0, 9187.0, 9187.0, 9187.0, 9187.0, 9187.0, 9187.0]
Population Size: 50, Crossover %: 0.5, Mutation %: 0.01, Number of Elites: 3
whole score log: [2828.0, 2828.0, 2828.0, 2828.0, 2828.0, 2828.0, 2828.0, 2828.0, 2828.0, 2828.0, 2828.0, 2828.0, 2828.0, 2828.0, 2828.0, 2828.0, 2828.0, 2828.0, 2828.0, 2828.0, 2828.0, 2828.0, 2828.0, 2828.0, 2828.0, 2828.0, 2828.0, 2828.0, 2828.0, 2828.0, 2828.0, 2828.0, 2828.0, 2828.0, 2828.0, 2828.0, 2828.0, 2828.0, 2828.0, 2828.0, 2828.0, 2828.0, 2828.0, 2828.0, 2828.0, 2828.0, 2828.0, 2828.0, 2828.0, 2828.0, 2828.0, 2828.0, 2828.0, 2828.0, 2828.0, 2828.0, 2828.0, 2828.0, 2828.0, 2828.0, 2828.0, 2828.0, 2828.0, 2828.0, 2828.0, 2828.0, 2828.0, 2828.0, 2828.0, 2828.0, 2828.0, 2828.0, 2828.0, 2828.0, 2828.0, 2828.0, 2828.0, 2828.0, 2828.0, 2828.0, 2828.0, 2828.0, 2828.0, 2828.0, 2828.0, 2828.0, 2828.0, 2828.0, 2828.0, 2828.0, 2828.0, 2828.0, 2828.0, 2828.0, 2828.0, 2828.0, 2828.0, 2828.0, 2828.0, 2828.0, 2828.0]
Population Size: 50, Crossover %: 0.5, Mutation %: 0.1, Number of Elites: 3
whole score log: [2828.0, 3370.0, 3564.0, 4365.0, 4612.0, 5336.0, 5336.0, 5336.0, 5336.0, 5336.0, 5336.0, 5700.0, 6114.0, 6114.0, 6114.0, 6114.0, 6114.0, 6385.0, 6385.0, 6385.0, 6690.0, 7259.0, 7259.0, 7259.0, 7349.0, 7923.0, 7923.0, 7923.0, 7923.0, 7923.0, 7923.0, 7923.0, 8569.0, 8569.0, 8569.0, 8569.0, 8569.0, 8569.0, 8569.0, 8569.0, 8569.0, 8569.0, 8569.0, 8942.0, 8942.0, 8942.0, 8942.0, 8942.0, 8942.0, 8942.0, 8942.0, 9033.0, 9033.0, 9033.0, 9033.0, 9033.0, 9033.0, 9033.0, 9033.0, 9033.0, 9033.0, 9273.0, 9273.0, 9273.0, 9273.0, 9526.0, 9526.0, 10084.0, 10084.0, 10084.0, 10084.0, 10084.0, 10084.0, 10084.0, 10084.0, 10084.0, 10084.0, 10084.0, 10084.0, 10084.0, 10084.0, 10084.0, 10084.0, 10084.0, 10084.0, 10084.0, 10084.0, 10084.0, 10084.0, 10084.0, 10084.0, 10084.0, 10084.0, 10084.0, 10306.0, 10306.0, 10306.0, 10400.0, 10400.0, 10400.0, 10400.0]
Population Size: 50, Crossover %: 0.9, Mutation %: 0.01, Number of Elites: 3
whole score log: [3285.0, 3285.0, 3285.0, 3285.0, 3285.0, 3285.0, 3285.0, 3285.0, 3285.0, 3285.0, 3285.0, 3285.0, 3285.0, 3285.0, 3285.0, 3285.0, 3285.0, 3285.0, 3285.0, 3285.0, 3285.0, 3285.0, 3285.0, 3285.0, 3285.0, 3285.0, 3285.0, 3285.0, 3285.0, 3285.0, 3285.0, 3285.0, 3285.0, 3285.0, 3285.0, 3285.0, 3285.0, 3285.0, 3285.0, 3285.0, 3285.0, 3285.0, 3285.0, 3285.0, 3285.0, 3285.0, 3285.0, 3285.0, 3285.0, 3285.0, 3285.0, 3285.0, 3285.0, 3285.0, 3285.0, 3285.0, 3285.0, 3285.0, 3285.0, 3285.0, 3285.0, 3285.0, 3285.0, 3285.0, 3285.0, 3285.0, 3285.0, 3285.0, 3285.0, 3285.0, 3285.0, 3285.0, 3285.0, 3285.0, 3285.0, 3285.0, 3285.0, 3285.0, 3285.0, 3285.0, 3285.0, 3285.0, 3285.0, 3285.0, 3285.0, 3285.0, 3285.0, 3285.0, 3285.0, 3285.0, 3285.0, 3285.0, 3285.0, 3285.0, 3285.0, 3285.0, 3285.0, 3285.0, 3285.0, 3285.0, 3285.0]
Population Size: 50, Crossover %: 0.9, Mutation %: 0.1, Number of Elites: 3
whole score log: [3285.0, 4822.0, 4939.0, 5367.0, 5506.0, 6043.0, 6043.0, 6043.0, 6642.0, 6642.0, 6643.0, 7816.0, 8192.0, 8192.0, 8192.0, 8192.0, 8532.0, 8787.0, 8787.0, 8787.0, 8821.0, 8933.0, 9295.0, 9295.0, 9295.0, 9295.0, 9295.0, 9295.0, 9752.0, 9752.0, 9752.0, 9752.0, 9752.0, 9752.0, 9752.0, 9752.0, 9752.0, 9752.0, 9752.0, 9752.0, 9752.0, 9752.0, 9752.0, 9752.0, 9752.0, 9752.0, 9752.0, 9752.0, 9752.0, 9752.0, 9825.0, 10378.0, 10378.0, 10378.0, 10378.0, 10378.0, 10378.0, 10378.0, 10378.0, 10378.0, 10378.0, 10378.0, 10378.0, 10378.0, 10378.0, 10378.0, 10378.0, 10378.0, 10378.0, 10378.0, 10378.0, 10378.0, 10378.0, 10378.0, 10378.0, 10378.0, 10378.0, 10378.0, 10378.0, 10378.0, 10378.0, 10378.0, 10378.0, 10378.0, 10378.0, 10378.0, 10378.0, 10378.0, 10378.0, 10378.0, 10378.0, 10378.0, 10378.0, 10378.0, 10378.0, 10378.0, 10378.0, 10378.0, 10378.0, 10378.0, 10378.0]
Population Size: 500, Crossover %: 0.5, Mutation %: 0.01, Number of Elites: 3
whole score log: [3285.0, 3285.0, 3285.0, 3285.0, 3285.0, 3285.0, 3285.0, 3285.0, 3285.0, 3285.0, 3285.0, 3285.0, 3285.0, 3285.0, 3285.0, 3285.0, 3285.0, 3285.0, 3285.0, 3285.0, 3285.0, 3285.0, 3285.0, 3285.0, 3285.0, 3285.0, 3285.0, 3285.0, 3285.0, 3285.0, 3285.0, 3285.0, 3285.0, 3285.0, 3285.0, 3285.0, 3285.0, 3285.0, 3285.0, 3285.0, 3285.0, 3285.0, 3285.0, 3285.0, 3285.0, 3285.0, 3285.0, 3285.0, 3285.0, 3285.0, 3285.0, 3285.0, 3285.0, 3285.0, 3285.0, 3285.0, 3285.0, 3285.0, 3285.0, 3285.0, 3285.0, 3285.0, 3285.0, 3285.0, 3285.0, 3285.0, 3285.0, 3285.0, 3285.0, 3285.0, 3285.0, 3285.0, 3285.0, 3285.0, 3285.0, 3285.0, 3285.0, 3285.0, 3285.0, 3285.0, 3285.0, 3285.0, 3285.0, 3285.0, 3285.0, 3285.0, 3285.0, 3285.0, 3285.0, 3285.0, 3285.0, 3285.0, 3285.0, 3285.0, 3285.0, 3285.0, 3285.0, 3285.0, 3285.0, 3285.0, 3285.0]
Population Size: 500, Crossover %: 0.5, Mutation %: 0.1, Number of Elites: 3
whole score log: [3285.0, 3875.0, 5303.0, 5303.0, 5389.0, 5536.0, 5804.0, 6054.0, 6113.0, 7016.0, 7016.0, 7016.0, 7688.0, 7688.0, 7688.0, 7688.0, 7688.0, 8393.0, 8393.0, 8754.0, 8754.0, 8754.0, 8754.0, 9217.0, 9217.0, 9217.0, 9217.0, 9875.0, 9875.0, 9875.0, 9875.0, 10021.0, 10021.0, 10021.0, 10021.0, 10021.0, 10021.0, 10305.0, 10305.0, 10305.0, 10305.0, 10305.0, 10305.0, 10305.0, 10305.0, 10305.0, 10305.0, 10305.0, 10305.0, 10305.0, 10305.0, 10305.0, 10305.0, 10305.0, 10305.0, 10305.0, 10305.0, 10305.0, 10305.0, 10305.0, 10305.0, 10305.0, 10305.0, 10305.0, 10305.0, 10464.0, 10464.0, 10464.0, 10464.0, 10464.0, 10464.0, 10464.0, 10464.0, 10464.0, 10464.0, 10464.0, 10464.0, 10464.0, 10464.0, 10464.0, 10464.0, 10464.0, 10464.0, 10464.0, 10464.0, 10464.0, 10464.0, 10464.0, 10464.0, 10464.0, 10464.0, 10464.0, 10464.0, 10464.0, 10464.0, 10464.0, 10464.0, 10464.0, 10464.0, 10464.0, 10464.0]
Population Size: 500, Crossover %: 0.9, Mutation %: 0.01, Number of Elites: 3
whole score log: [3285.0, 3285.0, 3285.0, 3285.0, 3285.0, 3285.0, 3285.0, 3285.0, 3285.0, 3285.0, 3285.0, 3285.0, 3285.0, 3285.0, 3285.0, 3285.0, 3285.0, 3285.0, 3285.0, 3285.0, 3285.0, 3285.0, 3285.0, 3285.0, 3285.0, 3285.0, 3285.0, 3285.0, 3285.0, 3285.0, 3285.0, 3285.0, 3285.0, 3285.0, 3285.0, 3285.0, 3285.0, 3285.0, 3285.0, 3285.0, 3285.0, 3285.0, 3285.0, 3285.0, 3285.0, 3285.0, 3285.0, 3285.0, 3285.0, 3285.0, 3285.0, 3285.0, 3285.0, 3285.0, 3285.0, 3285.0, 3285.0, 3285.0, 3285.0, 3285.0, 3285.0, 3285.0, 3285.0, 3285.0, 3285.0, 3285.0, 3285.0, 3285.0, 3285.0, 3285.0, 3285.0, 3285.0, 3285.0, 3285.0, 3285.0, 3285.0, 3285.0, 3285.0, 3285.0, 3285.0, 3285.0, 3285.0, 3285.0, 3285.0, 3285.0, 3285.0, 3285.0, 3285.0, 3285.0, 3285.0, 3285.0, 3285.0, 3285.0, 3285.0, 3285.0, 3285.0, 3285.0, 3285.0, 3285.0, 3285.0, 3285.0]
Population Size: 500, Crossover %: 0.9, Mutation %: 0.1, Number of Elites: 3
