Optimal solution = 110625
whole score log: [11493.0, 11493.0, 11493.0, 11493.0, 11493.0, 11493.0, 11493.0, 11493.0, 11493.0, 11493.0, 11493.0, 11493.0, 11493.0, 11493.0, 11493.0, 11493.0, 11493.0, 11493.0, 11493.0, 11493.0, 11493.0, 11493.0, 11493.0, 11493.0, 11493.0, 11493.0, 11493.0, 11493.0, 11493.0, 11493.0, 11493.0, 11493.0, 11493.0, 11493.0, 11493.0, 11493.0, 11493.0, 11493.0, 11493.0, 11493.0, 11493.0, 11493.0, 11493.0, 11493.0, 11493.0, 11493.0, 11493.0, 11493.0, 11493.0, 11493.0, 11493.0, 11493.0, 11493.0, 11493.0, 11493.0, 11493.0, 11493.0, 11493.0, 11493.0, 11493.0, 11493.0, 11493.0, 11493.0, 11493.0, 11493.0, 11493.0, 11493.0, 11493.0, 11493.0, 11493.0, 11493.0, 11493.0, 11493.0, 11493.0, 11493.0, 11493.0, 11493.0, 11493.0, 11493.0, 11493.0, 11493.0, 11493.0, 11493.0, 11493.0, 11493.0, 11493.0, 11493.0, 11493.0, 11493.0, 11493.0, 11493.0, 11493.0, 11493.0, 11493.0, 11493.0, 11493.0, 11493.0, 11493.0, 11493.0, 11493.0, 11493.0]
Population Size: 50, Crossover %: 0.5, Mutation %: 0.01, Number of Elites: 3
whole score log: [10771.0, 10771.0, 10771.0, 10771.0, 10771.0, 10771.0, 10771.0, 10771.0, 10771.0, 10771.0, 10771.0, 10771.0, 10771.0, 10771.0, 10771.0, 10771.0, 10771.0, 10771.0, 10771.0, 10771.0, 10771.0, 10771.0, 10771.0, 10771.0, 10771.0, 10771.0, 10771.0, 10771.0, 10771.0, 10771.0, 10771.0, 10771.0, 10771.0, 10771.0, 10771.0, 10771.0, 10771.0, 10771.0, 10771.0, 10771.0, 10771.0, 10771.0, 10771.0, 10771.0, 10771.0, 10771.0, 10771.0, 10771.0, 10771.0, 10771.0, 10771.0, 10771.0, 10771.0, 10771.0, 10771.0, 10771.0, 10771.0, 10771.0, 10771.0, 10771.0, 10771.0, 10771.0, 10771.0, 10771.0, 10771.0, 10771.0, 10771.0, 10771.0, 10771.0, 10771.0, 10771.0, 10771.0, 10771.0, 10771.0, 10771.0, 10771.0, 10771.0, 10771.0, 10771.0, 10771.0, 10771.0, 10771.0, 10771.0, 10771.0, 10771.0, 10771.0, 10771.0, 10771.0, 10771.0, 10771.0, 10771.0, 10771.0, 10771.0, 10771.0, 10771.0, 10771.0, 10771.0, 10771.0, 10771.0, 10771.0, 10771.0]
Population Size: 50, Crossover %: 0.5, Mutation %: 0.1, Number of Elites: 3
whole score log: [11661.0, 12026.0, 12026.0, 12026.0, 12026.0, 12026.0, 12026.0, 12026.0, 12026.0, 12026.0, 12026.0, 12026.0, 12026.0, 12026.0, 12026.0, 12026.0, 12026.0, 12026.0, 12026.0, 12026.0, 12026.0, 12026.0, 12026.0, 12026.0, 12026.0, 12026.0, 12026.0, 12026.0, 12026.0, 12026.0, 12026.0, 12026.0, 12026.0, 12026.0, 12026.0, 12026.0, 12026.0, 12026.0, 12026.0, 12026.0, 12026.0, 12026.0, 12026.0, 12026.0, 12026.0, 12026.0, 12026.0, 12026.0, 12026.0, 12026.0, 12026.0, 12026.0, 12026.0, 12026.0, 12026.0, 12026.0, 12026.0, 12026.0, 12026.0, 12026.0, 12026.0, 12026.0, 12026.0, 12026.0, 12026.0, 12026.0, 12026.0, 12026.0, 12026.0, 12026.0, 12026.0, 12026.0, 12026.0, 12026.0, 12026.0, 12026.0, 12026.0, 12026.0, 12026.0, 12026.0, 12026.0, 12026.0, 12026.0, 12026.0, 12026.0, 12026.0, 12026.0, 12026.0, 12026.0, 12026.0, 12026.0, 12026.0, 12026.0, 12026.0, 12026.0, 12026.0, 12026.0, 12026.0, 12026.0, 12026.0, 12026.0]
Population Size: 50, Crossover %: 0.9, Mutation %: 0.01, Number of Elites: 3
whole score log: [12117.0, 12117.0, 12117.0, 12117.0, 12117.0, 12117.0, 12117.0, 12117.0, 12117.0, 12117.0, 12117.0, 12117.0, 12117.0, 12117.0, 12117.0, 12117.0, 12117.0, 12117.0, 12117.0, 12117.0, 12117.0, 12117.0, 12117.0, 12117.0, 12117.0, 12117.0, 12117.0, 12117.0, 12117.0, 12117.0, 12117.0, 12117.0, 12117.0, 12117.0, 12117.0, 12117.0, 12117.0, 12117.0, 12117.0, 12117.0, 12117.0, 12117.0, 12117.0, 12117.0, 12117.0, 12117.0, 12117.0, 12117.0, 12117.0, 12117.0, 12117.0, 12117.0, 12117.0, 12117.0, 12117.0, 12117.0, 12117.0, 12117.0, 12117.0, 12117.0, 12117.0, 12117.0, 12117.0, 12117.0, 12117.0, 12117.0, 12117.0, 12117.0, 12117.0, 12117.0, 12117.0, 12117.0, 12117.0, 12117.0, 12117.0, 12117.0, 12117.0, 12117.0, 12117.0, 12117.0, 12117.0, 12117.0, 12117.0, 12117.0, 12117.0, 12117.0, 12117.0, 12117.0, 12117.0, 12117.0, 12117.0, 12117.0, 12117.0, 12117.0, 12117.0, 12117.0, 12117.0, 12117.0, 12117.0, 12117.0, 12117.0]
Population Size: 50, Crossover %: 0.9, Mutation %: 0.1, Number of Elites: 3
whole score log: [11410.0, 15322.0, 15322.0, 15322.0, 15322.0, 15322.0, 15322.0, 15322.0, 15322.0, 15322.0, 15322.0, 15322.0, 15322.0, 15322.0, 15322.0, 15322.0, 15322.0, 15322.0, 15322.0, 15322.0, 15322.0, 15322.0, 15322.0, 15322.0, 15322.0, 15322.0, 15322.0, 15322.0, 15322.0, 15322.0, 15322.0, 15322.0, 15322.0, 15322.0, 15322.0, 15322.0, 15322.0, 15322.0, 15322.0, 15322.0, 15322.0, 15322.0, 15322.0, 15322.0, 15322.0, 15322.0, 15322.0, 15322.0, 15322.0, 15322.0, 15322.0, 15322.0, 15322.0, 15322.0, 15322.0, 15322.0, 15322.0, 15322.0, 15322.0, 15322.0, 15322.0, 15322.0, 15322.0, 15322.0, 15322.0, 15322.0, 15322.0, 15322.0, 15322.0, 15322.0, 15322.0, 15322.0, 15322.0, 15322.0, 15322.0, 15322.0, 15322.0, 15322.0, 15322.0, 15322.0, 15322.0, 15322.0, 15322.0, 15322.0, 15322.0, 15322.0, 15322.0, 15322.0, 15322.0, 15322.0, 15322.0, 15322.0, 15322.0, 15322.0, 15322.0, 15322.0, 15322.0, 15322.0, 15322.0, 15322.0, 15322.0]
Population Size: 500, Crossover %: 0.5, Mutation %: 0.01, Number of Elites: 3
whole score log: [12528.0, 12528.0, 12528.0, 12528.0, 12528.0, 12528.0, 12528.0, 12528.0, 12528.0, 12528.0, 12528.0, 12528.0, 12528.0, 12528.0, 12528.0, 12528.0, 12528.0, 12528.0, 12528.0, 12528.0, 12528.0, 12528.0, 12528.0, 12528.0, 12528.0, 12528.0, 12528.0, 12528.0, 12528.0, 12528.0, 12528.0, 12528.0, 12528.0, 12528.0, 12528.0, 12528.0, 12528.0, 12528.0, 12528.0, 12528.0, 12528.0, 12528.0, 12528.0, 12528.0, 12528.0, 12528.0, 12528.0, 12528.0, 12528.0, 12528.0, 12528.0, 12528.0, 12528.0, 12528.0, 12528.0, 12528.0, 12528.0, 12528.0, 12528.0, 12528.0, 12528.0, 12528.0, 12528.0, 12528.0, 12528.0, 12528.0, 12528.0, 12528.0, 12528.0, 12528.0, 12528.0, 12528.0, 12528.0, 12528.0, 12528.0, 12528.0, 12528.0, 12528.0, 12528.0, 12528.0, 12528.0, 12528.0, 12528.0, 12528.0, 12528.0, 12528.0, 12528.0, 12528.0, 12528.0, 12528.0, 12528.0, 12528.0, 12528.0, 12528.0, 12528.0, 12528.0, 12528.0, 12528.0, 12528.0, 12528.0, 12528.0]
Population Size: 500, Crossover %: 0.5, Mutation %: 0.1, Number of Elites: 3
whole score log: [11152.0, 18515.0, 18515.0, 18515.0, 18515.0, 18515.0, 18515.0, 18515.0, 18515.0, 18515.0, 18515.0, 18515.0, 18515.0, 18515.0, 18515.0, 18515.0, 18515.0, 18515.0, 18515.0, 18515.0, 18515.0, 18515.0, 18515.0, 18515.0, 18515.0, 18515.0, 18515.0, 18515.0, 18515.0, 18515.0, 18515.0, 18515.0, 18515.0, 18515.0, 18515.0, 18515.0, 18515.0, 18515.0, 18515.0, 18515.0, 18515.0, 18515.0, 18515.0, 18515.0, 18515.0, 18515.0, 18515.0, 18515.0, 18515.0, 18515.0, 18515.0, 18515.0, 18515.0, 18515.0, 18515.0, 18515.0, 18515.0, 18515.0, 18515.0, 18515.0, 18515.0, 18515.0, 18515.0, 18515.0, 18515.0, 18515.0, 18515.0, 18515.0, 18515.0, 18515.0, 18515.0, 18515.0, 18515.0, 18515.0, 18515.0, 18515.0, 18515.0, 18515.0, 18515.0, 18515.0, 18515.0, 18515.0, 18515.0, 18515.0, 18515.0, 18515.0, 18515.0, 18515.0, 18515.0, 18515.0, 18515.0, 18515.0, 18515.0, 18515.0, 18515.0, 18515.0, 18515.0, 18515.0, 18515.0, 18515.0, 18515.0]
Population Size: 500, Crossover %: 0.9, Mutation %: 0.01, Number of Elites: 3
whole score log: [11318.0, 11318.0, 11318.0, 11318.0, 11318.0, 11318.0, 11318.0, 11318.0, 11318.0, 11318.0, 11318.0, 11318.0, 11318.0, 11318.0, 11318.0, 11318.0, 11318.0, 11318.0, 11318.0, 11318.0, 11318.0, 11318.0, 11318.0, 11318.0, 11318.0, 11318.0, 11318.0, 11318.0, 11318.0, 11318.0, 11318.0, 11318.0, 11318.0, 11318.0, 11318.0, 11318.0, 11318.0, 11318.0, 11318.0, 11318.0, 11318.0, 11318.0, 11318.0, 11318.0, 11318.0, 11318.0, 11318.0, 11318.0, 11318.0, 11318.0, 11318.0, 11318.0, 11318.0, 11318.0, 11318.0, 11318.0, 11318.0, 11318.0, 11318.0, 11318.0, 11318.0, 11318.0, 11318.0, 11318.0, 11318.0, 11318.0, 11318.0, 11318.0, 11318.0, 11318.0, 11318.0, 11318.0, 11318.0, 11318.0, 11318.0, 11318.0, 11318.0, 11318.0, 11318.0, 11318.0, 11318.0, 11318.0, 11318.0, 11318.0, 11318.0, 11318.0, 11318.0, 11318.0, 11318.0, 11318.0, 11318.0, 11318.0, 11318.0, 11318.0, 11318.0, 11318.0, 11318.0, 11318.0, 11318.0, 11318.0, 11318.0]
Population Size: 500, Crossover %: 0.9, Mutation %: 0.1, Number of Elites: 3
