Optimal solution = 1514
whole score log: [824.0, 1050.0, 1050.0, 1050.0, 1050.0, 1050.0, 1050.0, 1050.0, 1098.0, 1098.0, 1133.0, 1133.0, 1133.0, 1178.0, 1178.0, 1178.0, 1178.0, 1178.0, 1186.0, 1186.0, 1186.0, 1186.0, 1186.0, 1186.0, 1242.0, 1242.0, 1242.0, 1242.0, 1375.0, 1375.0, 1375.0, 1375.0, 1375.0, 1375.0, 1375.0, 1375.0, 1375.0, 1375.0, 1375.0, 1375.0, 1375.0, 1375.0, 1375.0, 1375.0, 1375.0, 1375.0, 1375.0, 1376.0, 1376.0, 1376.0, 1376.0, 1376.0, 1376.0, 1376.0, 1376.0, 1376.0, 1376.0, 1376.0, 1376.0, 1376.0, 1376.0, 1376.0, 1376.0, 1376.0, 1376.0, 1376.0, 1376.0, 1376.0, 1376.0, 1376.0, 1376.0, 1376.0, 1376.0, 1376.0, 1376.0, 1376.0, 1376.0, 1376.0, 1376.0, 1376.0, 1376.0, 1376.0, 1376.0, 1376.0, 1376.0, 1376.0, 1376.0, 1376.0, 1376.0, 1376.0, 1376.0, 1376.0, 1376.0, 1376.0, 1376.0, 1376.0, 1376.0, 1376.0, 1376.0, 1376.0, 1376.0]
Population Size: 50, Crossover %: 0.5, Mutation %: 0.01, Number of Elites: 3
whole score log: [825.0, 825.0, 825.0, 825.0, 825.0, 825.0, 825.0, 825.0, 825.0, 825.0, 825.0, 825.0, 825.0, 825.0, 825.0, 825.0, 825.0, 825.0, 825.0, 825.0, 825.0, 825.0, 825.0, 825.0, 825.0, 825.0, 825.0, 825.0, 825.0, 825.0, 825.0, 825.0, 825.0, 825.0, 825.0, 825.0, 825.0, 825.0, 825.0, 825.0, 825.0, 825.0, 825.0, 825.0, 825.0, 825.0, 825.0, 825.0, 825.0, 825.0, 825.0, 825.0, 825.0, 825.0, 825.0, 825.0, 825.0, 825.0, 825.0, 825.0, 825.0, 825.0, 825.0, 825.0, 825.0, 825.0, 825.0, 825.0, 825.0, 825.0, 825.0, 825.0, 825.0, 825.0, 825.0, 825.0, 825.0, 825.0, 825.0, 825.0, 825.0, 825.0, 825.0, 825.0, 825.0, 825.0, 825.0, 825.0, 825.0, 825.0, 825.0, 825.0, 825.0, 825.0, 825.0, 825.0, 825.0, 825.0, 825.0, 825.0, 825.0]
Population Size: 50, Crossover %: 0.5, Mutation %: 0.1, Number of Elites: 3
whole score log: [825.0, 1049.0, 1049.0, 1049.0, 1049.0, 1049.0, 1071.0, 1071.0, 1071.0, 1071.0, 1071.0, 1071.0, 1075.0, 1075.0, 1075.0, 1075.0, 1075.0, 1075.0, 1075.0, 1075.0, 1075.0, 1075.0, 1075.0, 1075.0, 1075.0, 1075.0, 1075.0, 1075.0, 1167.0, 1167.0, 1167.0, 1167.0, 1167.0, 1167.0, 1167.0, 1167.0, 1167.0, 1167.0, 1167.0, 1167.0, 1167.0, 1167.0, 1202.0, 1202.0, 1202.0, 1202.0, 1202.0, 1202.0, 1202.0, 1202.0, 1202.0, 1208.0, 1208.0, 1218.0, 1218.0, 1218.0, 1218.0, 1327.0, 1327.0, 1327.0, 1327.0, 1327.0, 1327.0, 1327.0, 1327.0, 1327.0, 1327.0, 1327.0, 1327.0, 1327.0, 1327.0, 1327.0, 1327.0, 1327.0, 1356.0, 1356.0, 1356.0, 1356.0, 1356.0, 1356.0, 1356.0, 1356.0, 1357.0, 1357.0, 1357.0, 1380.0, 1380.0, 1380.0, 1380.0, 1380.0, 1380.0, 1380.0, 1380.0, 1380.0, 1380.0, 1380.0, 1380.0, 1380.0, 1380.0, 1380.0, 1380.0]
Population Size: 50, Crossover %: 0.9, Mutation %: 0.01, Number of Elites: 3
whole score log: [825.0, 825.0, 825.0, 825.0, 825.0, 825.0, 825.0, 825.0, 825.0, 825.0, 825.0, 825.0, 825.0, 825.0, 825.0, 825.0, 825.0, 825.0, 825.0, 825.0, 825.0, 825.0, 825.0, 825.0, 825.0, 825.0, 825.0, 825.0, 825.0, 825.0, 825.0, 825.0, 825.0, 825.0, 825.0, 825.0, 825.0, 825.0, 825.0, 825.0, 825.0, 825.0, 825.0, 825.0, 825.0, 825.0, 825.0, 825.0, 825.0, 825.0, 825.0, 825.0, 825.0, 825.0, 825.0, 825.0, 825.0, 825.0, 825.0, 825.0, 825.0, 825.0, 825.0, 825.0, 825.0, 825.0, 825.0, 825.0, 825.0, 825.0, 825.0, 825.0, 825.0, 825.0, 825.0, 825.0, 825.0, 825.0, 825.0, 825.0, 825.0, 825.0, 825.0, 825.0, 825.0, 825.0, 825.0, 825.0, 825.0, 825.0, 825.0, 825.0, 825.0, 825.0, 825.0, 825.0, 825.0, 825.0, 825.0, 825.0, 825.0]
Population Size: 50, Crossover %: 0.9, Mutation %: 0.1, Number of Elites: 3
whole score log: [825.0, 1060.0, 1060.0, 1087.0, 1109.0, 1145.0, 1145.0, 1145.0, 1145.0, 1221.0, 1270.0, 1270.0, 1332.0, 1332.0, 1361.0, 1361.0, 1361.0, 1361.0, 1361.0, 1361.0, 1361.0, 1422.0, 1422.0, 1422.0, 1422.0, 1422.0, 1422.0, 1422.0, 1444.0, 1444.0, 1449.0, 1449.0, 1449.0, 1449.0, 1449.0, 1449.0, 1449.0, 1449.0, 1449.0, 1449.0, 1449.0, 1449.0, 1449.0, 1465.0, 1465.0, 1465.0, 1465.0, 1465.0, 1465.0, 1466.0, 1466.0, 1466.0, 1466.0, 1496.0, 1496.0, 1497.0, 1497.0, 1512.0, 1513.0, 1513.0, 1513.0, 1513.0, 1513.0, 1513.0, 1513.0, 1513.0, 1513.0, 1513.0, 1513.0, 1513.0, 1513.0, 1513.0, 1513.0, 1513.0, 1513.0, 1513.0, 1514.0, 1514.0, 1514.0, 1514.0, 1514.0, 1514.0, 1514.0, 1514.0, 1514.0, 1514.0, 1514.0, 1514.0, 1514.0, 1514.0, 1514.0, 1514.0, 1514.0, 1514.0, 1514.0, 1514.0, 1514.0, 1514.0, 1514.0, 1514.0, 1514.0]
Population Size: 500, Crossover %: 0.5, Mutation %: 0.01, Number of Elites: 3
whole score log: [825.0, 825.0, 825.0, 825.0, 825.0, 825.0, 825.0, 825.0, 825.0, 825.0, 825.0, 825.0, 825.0, 825.0, 825.0, 825.0, 825.0, 825.0, 825.0, 825.0, 825.0, 825.0, 825.0, 825.0, 825.0, 825.0, 825.0, 825.0, 825.0, 825.0, 825.0, 825.0, 825.0, 825.0, 825.0, 825.0, 825.0, 825.0, 825.0, 825.0, 825.0, 825.0, 825.0, 825.0, 825.0, 825.0, 825.0, 825.0, 825.0, 825.0, 825.0, 825.0, 825.0, 825.0, 825.0, 825.0, 825.0, 825.0, 825.0, 825.0, 825.0, 825.0, 825.0, 825.0, 825.0, 825.0, 825.0, 825.0, 825.0, 825.0, 825.0, 825.0, 825.0, 825.0, 825.0, 825.0, 825.0, 825.0, 825.0, 825.0, 825.0, 825.0, 825.0, 825.0, 825.0, 825.0, 825.0, 825.0, 825.0, 825.0, 825.0, 825.0, 825.0, 825.0, 825.0, 825.0, 825.0, 825.0, 825.0, 825.0, 825.0]
Population Size: 500, Crossover %: 0.5, Mutation %: 0.1, Number of Elites: 3
whole score log: [825.0, 974.0, 1069.0, 1069.0, 1069.0, 1093.0, 1268.0, 1268.0, 1268.0, 1268.0, 1268.0, 1285.0, 1285.0, 1285.0, 1285.0, 1285.0, 1285.0, 1285.0, 1286.0, 1308.0, 1333.0, 1333.0, 1333.0, 1410.0, 1410.0, 1410.0, 1410.0, 1410.0, 1410.0, 1431.0, 1431.0, 1465.0, 1465.0, 1465.0, 1465.0, 1465.0, 1465.0, 1465.0, 1465.0, 1465.0, 1465.0, 1465.0, 1465.0, 1465.0, 1465.0, 1465.0, 1465.0, 1481.0, 1501.0, 1501.0, 1501.0, 1501.0, 1501.0, 1501.0, 1501.0, 1501.0, 1501.0, 1501.0, 1501.0, 1501.0, 1501.0, 1501.0, 1501.0, 1501.0, 1501.0, 1501.0, 1501.0, 1501.0, 1501.0, 1501.0, 1501.0, 1501.0, 1512.0, 1512.0, 1512.0, 1512.0, 1512.0, 1512.0, 1512.0, 1512.0, 1513.0, 1513.0, 1513.0, 1513.0, 1513.0, 1513.0, 1513.0, 1513.0, 1513.0, 1513.0, 1513.0, 1513.0, 1513.0, 1513.0, 1513.0, 1513.0, 1513.0, 1513.0, 1513.0, 1513.0, 1513.0]
Population Size: 500, Crossover %: 0.9, Mutation %: 0.01, Number of Elites: 3
whole score log: [825.0, 825.0, 825.0, 825.0, 825.0, 825.0, 825.0, 825.0, 825.0, 825.0, 825.0, 825.0, 825.0, 825.0, 825.0, 825.0, 825.0, 825.0, 825.0, 825.0, 825.0, 825.0, 825.0, 825.0, 825.0, 825.0, 825.0, 825.0, 825.0, 825.0, 825.0, 825.0, 825.0, 825.0, 825.0, 825.0, 825.0, 825.0, 825.0, 825.0, 825.0, 825.0, 825.0, 825.0, 825.0, 825.0, 825.0, 825.0, 825.0, 825.0, 825.0, 825.0, 825.0, 825.0, 825.0, 825.0, 825.0, 825.0, 825.0, 825.0, 825.0, 825.0, 825.0, 825.0, 825.0, 825.0, 825.0, 825.0, 825.0, 825.0, 825.0, 825.0, 825.0, 825.0, 825.0, 825.0, 825.0, 825.0, 825.0, 825.0, 825.0, 825.0, 825.0, 825.0, 825.0, 825.0, 825.0, 825.0, 825.0, 825.0, 825.0, 825.0, 825.0, 825.0, 825.0, 825.0, 825.0, 825.0, 825.0, 825.0, 825.0]
Population Size: 500, Crossover %: 0.9, Mutation %: 0.1, Number of Elites: 3
