Optimal solution = 18051
whole score log: [7814.0, 9901.0, 9901.0, 9901.0, 9901.0, 9901.0, 9901.0, 9901.0, 9901.0, 9901.0, 9901.0, 9901.0, 9901.0, 9901.0, 9901.0, 9901.0, 9901.0, 9901.0, 9901.0, 9901.0, 9901.0, 9901.0, 9901.0, 9901.0, 9901.0, 9901.0, 9901.0, 9901.0, 9901.0, 9901.0, 9901.0, 9901.0, 9901.0, 9901.0, 9901.0, 9901.0, 9901.0, 9901.0, 9901.0, 9901.0, 9901.0, 9901.0, 9901.0, 9901.0, 9901.0, 9901.0, 9901.0, 9901.0, 9901.0, 9901.0, 9901.0, 9901.0, 9901.0, 9901.0, 9901.0, 9901.0, 9901.0, 9901.0, 9901.0, 9901.0, 9901.0, 9901.0, 9901.0, 9901.0, 9901.0, 9901.0, 9901.0, 9901.0, 9901.0, 9901.0, 9901.0, 9901.0, 9901.0, 9901.0, 9901.0, 9901.0, 9901.0, 9901.0, 9901.0, 9901.0, 9901.0, 9901.0, 9901.0, 9901.0, 9901.0, 9901.0, 9901.0, 9901.0, 9901.0, 9901.0, 9901.0, 9901.0, 9901.0, 9901.0, 9901.0, 9901.0, 9901.0, 9901.0, 9901.0, 9901.0, 9901.0]
Population Size: 50, Crossover %: 0.5, Mutation %: 0.01, Number of Elites: 3
whole score log: [7493.0, 7493.0, 7493.0, 7493.0, 7493.0, 7493.0, 7493.0, 7493.0, 7493.0, 7493.0, 7493.0, 7493.0, 7493.0, 7493.0, 7493.0, 7493.0, 7493.0, 7493.0, 7493.0, 7493.0, 7493.0, 7493.0, 7493.0, 7493.0, 7493.0, 7493.0, 7493.0, 7493.0, 7493.0, 7493.0, 7493.0, 7493.0, 7493.0, 7493.0, 7493.0, 7493.0, 7493.0, 7493.0, 7493.0, 7493.0, 7493.0, 7493.0, 7493.0, 7493.0, 7493.0, 7493.0, 7493.0, 7493.0, 7493.0, 7493.0, 7493.0, 7493.0, 7493.0, 7493.0, 7493.0, 7493.0, 7493.0, 7493.0, 7493.0, 7493.0, 7493.0, 7493.0, 7493.0, 7493.0, 7493.0, 7493.0, 7493.0, 7493.0, 7493.0, 7493.0, 7493.0, 7493.0, 7493.0, 7493.0, 7493.0, 7493.0, 7493.0, 7493.0, 7493.0, 7493.0, 7493.0, 7493.0, 7493.0, 7493.0, 7493.0, 7493.0, 7493.0, 7493.0, 7493.0, 7493.0, 7493.0, 7493.0, 7493.0, 7493.0, 7493.0, 7493.0, 7493.0, 7493.0, 7493.0, 7493.0, 7493.0]
Population Size: 50, Crossover %: 0.5, Mutation %: 0.1, Number of Elites: 3
whole score log: [7495.0, 10153.0, 10153.0, 10153.0, 10153.0, 10153.0, 10153.0, 10153.0, 10153.0, 10153.0, 10153.0, 10153.0, 10153.0, 10153.0, 10153.0, 10153.0, 10153.0, 10153.0, 10153.0, 10153.0, 10153.0, 10153.0, 10153.0, 10153.0, 10153.0, 10153.0, 10153.0, 10153.0, 10153.0, 10153.0, 10153.0, 10153.0, 10153.0, 10153.0, 10153.0, 10153.0, 10153.0, 10153.0, 10153.0, 10153.0, 10153.0, 10153.0, 10153.0, 10153.0, 10153.0, 10153.0, 10153.0, 10153.0, 10153.0, 10153.0, 10153.0, 10153.0, 10153.0, 10153.0, 10153.0, 10153.0, 10153.0, 10153.0, 10153.0, 10153.0, 10153.0, 10153.0, 10153.0, 10153.0, 10153.0, 10153.0, 10153.0, 10153.0, 10153.0, 10153.0, 10153.0, 10153.0, 10153.0, 10153.0, 10153.0, 10153.0, 10153.0, 10153.0, 10153.0, 10153.0, 10153.0, 10153.0, 10153.0, 10153.0, 10153.0, 10153.0, 10153.0, 10153.0, 10153.0, 10153.0, 10153.0, 10153.0, 10153.0, 10153.0, 10153.0, 10153.0, 10153.0, 10153.0, 10153.0, 10153.0, 10153.0]
Population Size: 50, Crossover %: 0.9, Mutation %: 0.01, Number of Elites: 3
whole score log: [7703.0, 7703.0, 7703.0, 7703.0, 7703.0, 7703.0, 7703.0, 7703.0, 7703.0, 7703.0, 7703.0, 7703.0, 7703.0, 7703.0, 7703.0, 7703.0, 7703.0, 7703.0, 7703.0, 7703.0, 7703.0, 7703.0, 7703.0, 7703.0, 7703.0, 7703.0, 7703.0, 7703.0, 7703.0, 7703.0, 7703.0, 7703.0, 7703.0, 7703.0, 7703.0, 7703.0, 7703.0, 7703.0, 7703.0, 7703.0, 7703.0, 7703.0, 7703.0, 7703.0, 7703.0, 7703.0, 7703.0, 7703.0, 7703.0, 7703.0, 7703.0, 7703.0, 7703.0, 7703.0, 7703.0, 7703.0, 7703.0, 7703.0, 7703.0, 7703.0, 7703.0, 7703.0, 7703.0, 7703.0, 7703.0, 7703.0, 7703.0, 7703.0, 7703.0, 7703.0, 7703.0, 7703.0, 7703.0, 7703.0, 7703.0, 7703.0, 7703.0, 7703.0, 7703.0, 7703.0, 7703.0, 7703.0, 7703.0, 7703.0, 7703.0, 7703.0, 7703.0, 7703.0, 7703.0, 7703.0, 7703.0, 7703.0, 7703.0, 7703.0, 7703.0, 7703.0, 7703.0, 7703.0, 7703.0, 7703.0, 7703.0]
Population Size: 50, Crossover %: 0.9, Mutation %: 0.1, Number of Elites: 3
whole score log: [8767.0, 10332.0, 10332.0, 10332.0, 10332.0, 10332.0, 10332.0, 10332.0, 10332.0, 10332.0, 10332.0, 10332.0, 10332.0, 10332.0, 10332.0, 10332.0, 10332.0, 10332.0, 10332.0, 10332.0, 10332.0, 10332.0, 10332.0, 10332.0, 10332.0, 10332.0, 10332.0, 10332.0, 10332.0, 10332.0, 10332.0, 10332.0, 10332.0, 10332.0, 10332.0, 10332.0, 10332.0, 10332.0, 10332.0, 10332.0, 10332.0, 10332.0, 10332.0, 10332.0, 10332.0, 10332.0, 10332.0, 10332.0, 10332.0, 10332.0, 10332.0, 10332.0, 10332.0, 10332.0, 10332.0, 10332.0, 10332.0, 10332.0, 10332.0, 10332.0, 10332.0, 10332.0, 10332.0, 10332.0, 10332.0, 10332.0, 10332.0, 10332.0, 10332.0, 10332.0, 10332.0, 10332.0, 10332.0, 10332.0, 10332.0, 10332.0, 10332.0, 10332.0, 10332.0, 10332.0, 10332.0, 10332.0, 10332.0, 10332.0, 10332.0, 10332.0, 10332.0, 10332.0, 10332.0, 10332.0, 10332.0, 10332.0, 10332.0, 10332.0, 10332.0, 10332.0, 10332.0, 10332.0, 10332.0, 10332.0, 10332.0]
Population Size: 500, Crossover %: 0.5, Mutation %: 0.01, Number of Elites: 3
whole score log: [9382.0, 9382.0, 9382.0, 9382.0, 9382.0, 9382.0, 9382.0, 9382.0, 9382.0, 9382.0, 9382.0, 9382.0, 9382.0, 9382.0, 9382.0, 9382.0, 9382.0, 9382.0, 9382.0, 9382.0, 9382.0, 9382.0, 9382.0, 9382.0, 9382.0, 9382.0, 9382.0, 9382.0, 9382.0, 9382.0, 9382.0, 9382.0, 9382.0, 9382.0, 9382.0, 9382.0, 9382.0, 9382.0, 9382.0, 9382.0, 9382.0, 9382.0, 9382.0, 9382.0, 9382.0, 9382.0, 9382.0, 9382.0, 9382.0, 9382.0, 9382.0, 9382.0, 9382.0, 9382.0, 9382.0, 9382.0, 9382.0, 9382.0, 9382.0, 9382.0, 9382.0, 9382.0, 9382.0, 9382.0, 9382.0, 9382.0, 9382.0, 9382.0, 9382.0, 9382.0, 9382.0, 9382.0, 9382.0, 9382.0, 9382.0, 9382.0, 9382.0, 9382.0, 9382.0, 9382.0, 9382.0, 9382.0, 9382.0, 9382.0, 9382.0, 9382.0, 9382.0, 9382.0, 9382.0, 9382.0, 9382.0, 9382.0, 9382.0, 9382.0, 9382.0, 9382.0, 9382.0, 9382.0, 9382.0, 9382.0, 9382.0]
Population Size: 500, Crossover %: 0.5, Mutation %: 0.1, Number of Elites: 3
whole score log: [9440.0, 10140.0, 10140.0, 10140.0, 10140.0, 10140.0, 10140.0, 10140.0, 10140.0, 10140.0, 10140.0, 10140.0, 10140.0, 10140.0, 10140.0, 10140.0, 10140.0, 10140.0, 10140.0, 10140.0, 10140.0, 10140.0, 10140.0, 10140.0, 10140.0, 10140.0, 10140.0, 10140.0, 10140.0, 10140.0, 10140.0, 10140.0, 10140.0, 10140.0, 10140.0, 10140.0, 10140.0, 10140.0, 10140.0, 10140.0, 10140.0, 10140.0, 10140.0, 10140.0, 10140.0, 10140.0, 10140.0, 10140.0, 10140.0, 10140.0, 10140.0, 10140.0, 10140.0, 10140.0, 10140.0, 10140.0, 10140.0, 10140.0, 10140.0, 10140.0, 10140.0, 10140.0, 10140.0, 10140.0, 10140.0, 10140.0, 10140.0, 10140.0, 10140.0, 10140.0, 10140.0, 10140.0, 10140.0, 10140.0, 10140.0, 10140.0, 10140.0, 10140.0, 10140.0, 10140.0, 10140.0, 10140.0, 10140.0, 10140.0, 10140.0, 10140.0, 10140.0, 10140.0, 10140.0, 10140.0, 10140.0, 10140.0, 10140.0, 10140.0, 10140.0, 10140.0, 10140.0, 10140.0, 10140.0, 10140.0, 10140.0]
Population Size: 500, Crossover %: 0.9, Mutation %: 0.01, Number of Elites: 3
whole score log: [8814.0, 8814.0, 8814.0, 8814.0, 8814.0, 8814.0, 8814.0, 8814.0, 8814.0, 8814.0, 8814.0, 8814.0, 8814.0, 8814.0, 8814.0, 8814.0, 8814.0, 8814.0, 8814.0, 8814.0, 8814.0, 8814.0, 8814.0, 8814.0, 8814.0, 8814.0, 8814.0, 8814.0, 8814.0, 8814.0, 8814.0, 8814.0, 8814.0, 8814.0, 8814.0, 8814.0, 8814.0, 8814.0, 8814.0, 8814.0, 8814.0, 8814.0, 8814.0, 8814.0, 8814.0, 8814.0, 8814.0, 8814.0, 8814.0, 8814.0, 8814.0, 8814.0, 8814.0, 8814.0, 8814.0, 8814.0, 8814.0, 8814.0, 8814.0, 8814.0, 8814.0, 8814.0, 8814.0, 8814.0, 8814.0, 8814.0, 8814.0, 8814.0, 8814.0, 8814.0, 8814.0, 8814.0, 8814.0, 8814.0, 8814.0, 8814.0, 8814.0, 8814.0, 8814.0, 8814.0, 8814.0, 8814.0, 8814.0, 8814.0, 8814.0, 8814.0, 8814.0, 8814.0, 8814.0, 8814.0, 8814.0, 8814.0, 8814.0, 8814.0, 8814.0, 8814.0, 8814.0, 8814.0, 8814.0, 8814.0, 8814.0]
Population Size: 500, Crossover %: 0.9, Mutation %: 0.1, Number of Elites: 3
